7 0.286328 0.439063 0.559375 0.832812
7 0.208789 0.44375 0.408203 0.792188
7 0.196289 0.565625 0.364453 0.734375
7 0.325977 0.335742 0.647266 0.662109
7 0.326953 0.166797 0.649219 0.327344
7 0.445312 0.470703 0.890625 0.911719
7 0.22832 0.15957 0.456641 0.307422
7 0.220898 0.302734 0.437891 0.592969
1 0.86875 0.588281 0.140625 0.14375
7 0.403223 0.266797 0.79668 0.524219
9 0.325391 0.442969 0.645312 0.864062
7 0.44375 0.197852 0.870313 0.388672
9 0.492969 0.445312 0.985937 0.876562
9 0.376465 0.10144 0.72207 0.1979
9 0.204102 0.416016 0.402734 0.789844
9 0.314258 0.084668 0.628516 0.164062
9 0.348828 0.329688 0.69375 0.640625
9 0.653125 0.482812 0.690625 0.953125
3 0.87207 0.130078 0.255859 0.260156
3 0.144727 0.102148 0.289453 0.204297
1 0.930469 0.320312 0.139062 0.169531
9 0.508203 0.286719 0.983594 0.557031
1 0.433203 0.442187 0.866406 0.865625
9 0.515625 0.70625 0.951563 0.585938
9 0.260742 0.516406 0.487891 0.965625
1 0.691406 0.342578 0.153906 0.153906
1 0.83418 0.246143 0.147266 0.152246
1 0.939062 0.269336 0.121875 0.190625
1 0.504687 0.542969 0.1625 0.14375
9 0.335742 0.882617 0.636328 0.234766
9 0.414062 0.148145 0.80625 0.292383
1 0.835156 0.209961 0.14375 0.152344
1 0.933594 0.353125 0.132812 0.179688
3 0.15791 0.17334 0.31582 0.34668
1 0.208252 0.5625 0.149902 0.185937
9 0.523828 0.084668 0.930469 0.164062
1 0.869531 0.560547 0.139062 0.0945313
9 0.172656 0.102148 0.345313 0.204297
9 0.344531 0.704687 0.642969 0.579687
1 0.261768 0.528125 0.180371 0.145313
9 0.342187 0.980469 0.638281 0.0390625
7 0.545313 0.496875 0.397656 0.973437
9 0.233398 0.791992 0.466797 0.416016
9 0.452344 0.884375 0.692187 0.23125
9 0.100195 0.132617 0.200391 0.265234
9 0.362891 0.395312 0.725781 0.790625
9 0.808008 0.488281 0.377734 0.975
9 0.505078 0.502734 0.666406 0.988281
9 0.545313 0.496875 0.397656 0.973437
1 0.703906 0.223389 0.170312 0.129004
1 0.0834961 0.545313 0.136914 0.186719
9 0.546875 0.992969 0.8625 0.0140625
7 0.235938 0.219922 0.471875 0.432031
9 0.104785 0.195703 0.20957 0.391406
1 0.261133 0.469531 0.176563 0.11875
9 0.280469 0.845117 0.560938 0.309766
9 0.345703 0.0138184 0.642969 0.0276367
9 0.459766 0.989844 0.777344 0.0203125
9 0.312305 0.305664 0.624609 0.611328
7 0.314258 0.084668 0.628516 0.164062
1 0.241455 0.439063 0.193652 0.126563
1 0.524219 0.0890381 0.159375 0.156689
1 0.946875 0.456641 0.10625 0.205469
1 0.725781 0.559375 0.160938 0.148438
9 0.44375 0.197852 0.870313 0.388672
9 0.220898 0.302734 0.437891 0.592969
9 0.382031 0.608594 0.748438 0.770312
9 0.698438 0.358984 0.595312 0.705469
9 0.718359 0.0790039 0.563281 0.150391
1 0.555469 0.201172 0.178125 0.154297
9 0.281055 0.969922 0.509766 0.0601562
9 0.69375 0.711719 0.603125 0.571875
1 0.946094 0.418066 0.107813 0.187305
1 0.599609 0.404785 0.145313 0.145117
1 0.262891 0.503906 0.176563 0.115625
1 0.087793 0.597266 0.140039 0.192188
9 0.419141 0.0115723 0.719531 0.0231445
1 0.702344 0.175 0.173438 0.160156
9 0.298828 0.169141 0.594531 0.331641
1 0.698438 0.363086 0.134375 0.176172
1 0.813281 0.0722168 0.160938 0.144434
9 0.150098 0.263672 0.300195 0.527344
1 0.404004 0.246094 0.173242 0.105469
7 0.541406 0.669531 0.207031 0.382812
9 0.82832 0.841992 0.333984 0.316016
1 0.732813 0.5375 0.1625 0.141406
7 0.264648 0.867969 0.153906 0.24375
1 0.803125 0.335156 0.14375 0.15
1 0.502344 0.0666992 0.173438 0.133398
1 0.275781 0.498437 0.162109 0.157813
9 0.624316 0.842773 0.743555 0.314453
1 0.946094 0.311328 0.107813 0.196094
9 0.679199 0.99375 0.641602 0.0125
1 0.546875 0.1625 0.189063 0.140625
9 0.194873 0.567187 0.369629 0.85625
9 0.775781 0.879687 0.435937 0.240625
1 0.221094 0.0633789 0.165625 0.126758
1 0.348828 0.329688 0.69375 0.640625
1 0.139282 0.365234 0.175342 0.147656
1 0.537891 0.215039 0.164844 0.147266
1 0.200049 0.594531 0.128809 0.192188
1 0.703125 0.0622559 0.1375 0.124512
1 0.246094 0.552344 0.170703 0.173438
9 0.250781 0.95 0.453906 0.1
1 0.930469 0.0587402 0.139062 0.11748
1 0.822656 0.264062 0.121875 0.172656
9 0.684766 0.583691 0.599219 0.791992
1 0.152148 0.499219 0.146484 0.139062
1 0.564062 0.544141 0.209375 0.144531
1 0.730469 0.589063 0.145313 0.151562
1 0.734375 0.623438 0.1375 0.145313
9 0.540625 0.0106445 0.8125 0.0212891
1 0.5375 0.0716309 0.176563 0.142285
1 0.576563 0.0729492 0.175 0.145898
9 0.292383 0.0177979 0.562109 0.0355957
1 0.275391 0.466406 0.162109 0.158594
1 0.9375 0.020459 0.1125 0.040918
9 0.246875 0.128809 0.490625 0.251367
1 0.417188 0.104199 0.138281 0.166211
1 0.254297 0.402246 0.141797 0.117383
9 0.612598 0.130859 0.76543 0.258594
9 0.679688 0.628906 0.46875 0.71875
9 0.331641 0.792188 0.639063 0.410937
1 0.837305 0.178076 0.147266 0.129004
1 0.5375 0.568359 0.198437 0.160156
1 0.183789 0.598828 0.11875 0.166406
1 0.280078 0.573828 0.119531 0.203906
1 0.93125 0.0251099 0.125 0.0491943
1 0.691406 0.308984 0.165625 0.117188
4 0.340625 0.916406 0.229687 0.167187
1 0.414062 0.350781 0.15625 0.135937
1 0.21582 0.539844 0.191406 0.15625
9 0.266797 0.736719 0.522656 0.517187
1 0.7375 0.0652344 0.151562 0.130469
1 0.872656 0.0744141 0.182812 0.148828
9 0.84375 0.0958984 0.3125 0.191797
1 0.431934 0.249609 0.15957 0.108594
1 0.539844 0.251172 0.155469 0.119531
9 0.613672 0.0247314 0.750781 0.0494629
9 0.275391 0.759961 0.550781 0.480078
1 0.421973 0.129907 0.141992 0.147217
9 0.15791 0.17334 0.31582 0.34668
1 0.446094 0.351172 0.163281 0.142188
1 0.110718 0.665625 0.135596 0.192188
1 0.667188 0.0641602 0.175781 0.12832
1 0.602344 0.524219 0.15625 0.126563
1 0.425098 0.0708496 0.160742 0.141699
3 0.866602 0.168262 0.266797 0.336523
9 0.821875 0.374902 0.353125 0.693945
1 0.594922 0.0490723 0.219531 0.0967773
1 0.608594 0.491797 0.145313 0.0929687
1 0.84043 0.0735352 0.141016 0.14707
9 0.223633 0.917188 0.419922 0.165625
1 0.516406 0.246484 0.153125 0.105469
1 0.915625 0.328125 0.159375 0.145313
1 0.944922 0.195703 0.110156 0.161719
1 0.136694 0.424219 0.173096 0.144531
1 0.684375 0.579687 0.1375 0.150781
9 0.17832 0.177832 0.356641 0.355664
1 0.527344 0.115332 0.165625 0.150977
1 0.454688 0.399121 0.146875 0.170508
1 0.946094 0.235205 0.107813 0.162402
1 0.265625 0.446094 0.178125 0.132031
7 0.417285 0.655859 0.148242 0.341406
9 0.798242 0.639063 0.378516 0.70625
1 0.607031 0.0708008 0.139062 0.141602
1 0.535156 0.145703 0.18125 0.126563
1 0.280078 0.551172 0.140625 0.171094
9 0.741016 0.132422 0.517969 0.262109
1 0.709375 0.591406 0.151562 0.178125
1 0.121875 0.0664062 0.184375 0.132031
1 0.928906 0.29043 0.123438 0.162109
9 0.234375 0.879883 0.451562 0.240234
1 0.151587 0.338672 0.162451 0.128906
1 0.944922 0.382031 0.110156 0.164062
1 0.0758789 0.519531 0.115039 0.19375
1 0.292578 0.514063 0.136328 0.151562
9 0.81875 0.173535 0.3625 0.337695
9 0.269141 0.8375 0.527344 0.320312
1 0.687891 0.209766 0.188281 0.134375
1 0.441406 0.329102 0.188281 0.107422
1 0.427441 0.377734 0.157617 0.147656
1 0.546484 0.588281 0.170312 0.171875
1 0.921875 0.380859 0.15625 0.164062
1 0.433984 0.401953 0.141406 0.150781
1 0.930469 0.0763184 0.110937 0.152637
1 0.589063 0.198437 0.1625 0.167969
1 0.727344 0.224561 0.132812 0.119629
1 0.767578 0.0549805 0.177344 0.109961
1 0.378223 0.35625 0.149805 0.152344
1 0.444141 0.434766 0.133594 0.128125
1 0.255273 0.422754 0.166406 0.138867
1 0.296484 0.426172 0.111719 0.121094
1 0.737891 0.659375 0.144531 0.160938
1 0.817969 0.051709 0.21875 0.102832
1 0.55 0.100195 0.173438 0.155078
1 0.684766 0.156445 0.149219 0.132812
1 0.816406 0.319727 0.154687 0.141016
1 0.576172 0.564062 0.146875 0.132812
1 0.632422 0.0660156 0.190625 0.132031
7 0.391016 0.651172 0.113281 0.341406
1 0.785937 0.0690918 0.159375 0.138184
1 0.298242 0.586719 0.150781 0.209375
1 0.522266 0.156445 0.142969 0.147266
9 0.208594 0.0618652 0.417188 0.12373
7 0.520312 0.144141 0.94375 0.284766
9 0.188867 0.766797 0.371484 0.457031
9 0.173242 0.872656 0.340625 0.246875
9 0.786328 0.971094 0.427344 0.0578125
1 0.141626 0.395312 0.178076 0.14375
1 0.610547 0.0239014 0.207031 0.0474121
1 0.83125 0.287109 0.157813 0.15625
4 0.872852 0.123242 0.254297 0.244922
1 0.565234 0.0598633 0.217187 0.119727
1 0.708594 0.0319092 0.2125 0.0638184
1 0.8375 0.0970459 0.14375 0.141846
1 0.691016 0.273828 0.169531 0.130859
1 0.104492 0.617969 0.134375 0.176563
9 0.674219 0.0343994 0.65 0.0687988
9 0.856641 0.20957 0.286719 0.419141
1 0.259375 0.342383 0.148438 0.135547
1 0.781055 0.369531 0.162891 0.10625
9 0.834375 0.746094 0.321875 0.496875
1 0.700781 0.547656 0.157813 0.140625
1 0.261523 0.8 0.130078 0.104687
9 0.236133 0.0327148 0.472266 0.0654297
9 0.896875 0.613379 0.2 0.754492
7 0.376465 0.10144 0.72207 0.1979
1 0.586719 0.0884766 0.147656 0.15625
1 0.928125 0.24707 0.121875 0.188672
7 0.516406 0.650781 0.170312 0.351562
9 0.767969 0.728906 0.448438 0.534375
1 0.719531 0.159863 0.148438 0.136523
1 0.764063 0.026416 0.196875 0.052832
1 0.402734 0.139258 0.160938 0.140234
1 0.707812 0.719922 0.124219 0.110156
4 0.430566 0.91875 0.245117 0.1625
1 0.698047 0.249609 0.163281 0.109375
1 0.530469 0.180469 0.159375 0.137891
1 0.682813 0.290234 0.146875 0.127344
1 0.611719 0.392285 0.117188 0.141992
4 0.507031 0.921875 0.245312 0.15625
1 0.87793 0.0533203 0.212891 0.106641
1 0.308984 0.0832031 0.173438 0.161133
1 0.094165 0.517578 0.149951 0.169531
1 0.467969 0.0590332 0.173438 0.118066
1 0.415723 0.154883 0.141992 0.121875
1 0.303125 0.405078 0.110156 0.121094
9 0.811914 0.805469 0.376172 0.389062
1 0.145313 0.457812 0.144922 0.115625
1 0.292188 0.439063 0.134375 0.11875
1 0.674219 0.615234 0.109375 0.167969
1 0.949219 0.352734 0.101562 0.214062
1 0.274414 0.393848 0.137109 0.112305
9 0.696484 0.246094 0.597656 0.478125
1 0.326367 0.0561523 0.157422 0.112305
1 0.170312 0.353125 0.172656 0.142188
1 0.870508 0.0273926 0.227734 0.0547852
1 0.237305 0.097168 0.134766 0.150195
1 0.864062 0.204492 0.184375 0.15
1 0.302344 0.637109 0.132812 0.157031
1 0.9375 0.765625 0.125 0.142188
1 0.94375 0.13103 0.1125 0.154346
1 0.621875 0.410937 0.135937 0.145313
1 0.121094 0.0876953 0.160938 0.154102
1 0.49375 0.356641 0.182812 0.150781
1 0.278125 0.399219 0.549219 0.778125
9 0.245117 0.874805 0.490234 0.250391
1 0.39541 0.0942383 0.16543 0.166211
1 0.583203 0.182812 0.135937 0.152344
1 0.775 0.391406 0.165625 0.164062
1 0.0823975 0.495313 0.125049 0.145313
1 0.596875 0.548437 0.151562 0.146875
3 0.104785 0.195703 0.20957 0.391406
1 0.781055 0.348242 0.159766 0.127734
1 0.181445 0.633984 0.130469 0.121875
1 0.555469 0.238672 0.184375 0.111328
9 0.785937 0.15957 0.428125 0.285937
9 0.872656 0.275 0.254687 0.55
1 0.802344 0.303516 0.14375 0.124219
9 0.863867 0.790039 0.272266 0.419922
1 0.602344 0.0601074 0.182812 0.120215
1 0.714063 0.240625 0.1375 0.133984
1 0.684375 0.734375 0.144531 0.121875
1 0.131055 0.198047 0.191406 0.139844
1 0.605469 0.428223 0.142188 0.137305
1 0.729297 0.721875 0.150781 0.117188
9 0.896875 0.380078 0.20625 0.711719
1 0.250586 0.065918 0.172266 0.131836
9 0.203125 0.23125 0.40625 0.4625
1 0.116602 0.329688 0.182422 0.127344
1 0.670703 0.0245361 0.189844 0.0490723
1 0.926562 0.456641 0.13125 0.166406
1 0.566406 0.513281 0.225781 0.0953125
1 0.492578 0.0286133 0.208594 0.0570313
1 0.313477 0.165234 0.156641 0.138281
1 0.955469 0.478125 0.0890625 0.175
1 0.510156 0.379297 0.153125 0.179688
9 0.831055 0.866406 0.337891 0.267188
1 0.807031 0.0265137 0.217187 0.0530273
9 0.287109 0.192188 0.574219 0.384375
9 0.316016 0.18418 0.632031 0.368359
9 0.17168 0.172461 0.343359 0.344922
9 0.307031 0.255469 0.614062 0.510938
9 0.324609 0.246484 0.649219 0.492969
9 0.114453 0.132129 0.228906 0.264258
9 0.279492 0.300391 0.558984 0.600781
4 0.182129 0.167773 0.364258 0.335547
9 0.3125 0.291797 0.625 0.583594
9 0.232812 0.255078 0.465625 0.510156
9 0.134766 0.132422 0.269531 0.264844
9 0.258594 0.844727 0.517187 0.310547
9 0.295898 0.790039 0.591797 0.419922
4 0.332422 0.210938 0.664844 0.421875
4 0.114453 0.132129 0.228906 0.264258
9 0.211719 0.334375 0.423438 0.538281
9 0.193555 0.838672 0.387109 0.322656
9 0.30625 0.374023 0.6125 0.612891
2 0.182129 0.167773 0.364258 0.335547
9 0.20625 0.197266 0.4125 0.394531
4 0.307031 0.255469 0.614062 0.510938
9 0.226172 0.432031 0.452344 0.610156
9 0.184375 0.813672 0.36875 0.372656
9 0.777344 0.733594 0.445312 0.532812
2 0.332422 0.210938 0.664844 0.421875
9 0.744531 0.804688 0.510938 0.390625
2 0.254687 0.162695 0.509375 0.325391
9 0.154102 0.814062 0.308203 0.371875
9 0.205469 0.248242 0.410937 0.496484
9 0.310547 0.48584 0.621094 0.631445
4 0.279492 0.300391 0.558984 0.600781
9 0.676562 0.795508 0.646875 0.408984
4 0.254687 0.162695 0.509375 0.325391
2 0.114453 0.132129 0.228906 0.264258
9 0.689062 0.154687 0.621875 0.309375
9 0.246484 0.486328 0.489062 0.4
9 0.273047 0.542969 0.526563 0.295312
2 0.134766 0.132422 0.269531 0.264844
9 0.306836 0.582715 0.613672 0.551758
2 0.333984 0.201562 0.667969 0.403125
4 0.194141 0.839648 0.388281 0.320703
1 0.258984 0.454004 0.516406 0.473242
9 0.229687 0.786133 0.459375 0.427734
9 0.294922 0.631641 0.547656 0.411719
9 0.614844 0.15625 0.770312 0.3125
9 0.835938 0.845312 0.328125 0.309375
9 0.25332 0.603516 0.506641 0.561719
9 0.374219 0.179297 0.585938 0.358594
9 0.796289 0.804883 0.407422 0.390234
9 0.567578 0.129785 0.864844 0.25957
9 0.430469 0.134473 0.823438 0.268945
9 0.362891 0.226562 0.642969 0.434375
4 0.333984 0.201562 0.667969 0.403125
9 0.295898 0.639063 0.591797 0.55
9 0.241016 0.474219 0.482031 0.4625
9 0.293359 0.716016 0.586719 0.505469
9 0.766016 0.172461 0.467969 0.344922
9 0.345703 0.113184 0.641406 0.226367
9 0.402441 0.21875 0.62793 0.4375
9 0.715039 0.117383 0.569922 0.234766
4 0.187891 0.15332 0.375781 0.306641
9 0.599609 0.917969 0.467969 0.164062
2 0.307031 0.255469 0.614062 0.510938
9 0.171582 0.889844 0.343164 0.220313
9 0.586719 0.859375 0.645312 0.28125
9 0.357227 0.255811 0.484766 0.368848
9 0.207422 0.739062 0.414844 0.521875
4 0.232812 0.255078 0.465625 0.510156
9 0.369336 0.328516 0.628516 0.433594
9 0.227344 0.654688 0.454688 0.614062
9 0.473437 0.0896484 0.785937 0.179297
9 0.306445 0.502344 0.587891 0.510938
9 0.383203 0.062207 0.471094 0.124414
9 0.299219 0.0933594 0.598437 0.186719
9 0.841797 0.378516 0.316406 0.672656
7 0.585547 0.346875 0.828906 0.692187
9 0.278906 0.427344 0.55625 0.523438
9 0.228906 0.439453 0.457812 0.457031
9 0.246094 0.716016 0.492188 0.502344
9 0.295312 0.191602 0.58125 0.383203
9 0.816406 0.219922 0.367188 0.439844
9 0.873828 0.416406 0.252344 0.657031
4 0.228906 0.402734 0.457812 0.575
9 0.474219 0.0751953 0.584375 0.150391
9 0.373828 0.132227 0.507031 0.264453
9 0.223633 0.764453 0.447266 0.471094
9 0.245117 0.858984 0.469141 0.282031
4 0.134766 0.132422 0.269531 0.264844
9 0.85332 0.233789 0.293359 0.467578
9 0.864258 0.346094 0.271484 0.578125
9 0.809375 0.557715 0.38125 0.701758
9 0.332422 0.0657227 0.530469 0.131445
9 0.578906 0.212305 0.820312 0.424609
7 0.571094 0.260938 0.857813 0.521875
9 0.269336 0.330273 0.530078 0.403516
9 0.824219 0.278906 0.351562 0.535937
9 0.26875 0.189453 0.5375 0.378906
9 0.835352 0.18125 0.329297 0.3625
9 0.306445 0.906641 0.455859 0.186719
9 0.503125 0.917969 0.501562 0.164062
9 0.282813 0.263281 0.564062 0.407031
9 0.227734 0.21875 0.455469 0.4375
1 0.271875 0.514453 0.536719 0.339063
9 0.496875 0.226172 0.584375 0.452344
9 0.293945 0.88125 0.333203 0.2375
9 0.450684 0.115918 0.501758 0.231836
9 0.221484 0.375 0.442969 0.396094
9 0.305859 0.128809 0.611719 0.257617
9 0.356836 0.895703 0.576172 0.208594
9 0.870313 0.571875 0.259375 0.696875
9 0.203906 0.299609 0.407813 0.464063
1 0.657129 0.292578 0.685742 0.585156
9 0.731055 0.186914 0.537891 0.373828
9 0.669141 0.511719 0.661719 0.75
3 0.178613 0.134766 0.357227 0.269531
9 0.716406 0.705469 0.567187 0.589063
9 0.441016 0.129883 0.640625 0.259766
9 0.310547 0.709375 0.597656 0.465625
9 0.538281 0.256836 0.921875 0.513672
9 0.778711 0.25918 0.442578 0.518359
9 0.303711 0.163477 0.607422 0.326953
9 0.492969 0.246289 0.6375 0.492578
9 0.797852 0.416797 0.404297 0.714063
9 0.250781 0.779492 0.501562 0.434766
9 0.376953 0.668359 0.617969 0.422656
9 0.693359 0.632422 0.613281 0.705469
9 0.228906 0.903125 0.457812 0.19375
2 0.295898 0.790039 0.591797 0.419922
7 0.637891 0.172656 0.724219 0.345313
4 0.317187 0.269922 0.634375 0.539844
9 0.39375 0.556641 0.639063 0.542969
9 0.6 0.754492 0.8 0.491016
9 0.319336 0.341602 0.531641 0.319141
9 0.88457 0.675879 0.230859 0.631055
9 0.486328 0.355078 0.677344 0.479688
9 0.608984 0.655566 0.782031 0.688867
9 0.815234 0.685156 0.369531 0.629687
9 0.352734 0.845508 0.514063 0.308984
7 0.548828 0.453125 0.902344 0.84375
9 0.515625 0.386328 0.8625 0.574219
9 0.380859 0.402734 0.691406 0.434375
9 0.552734 0.463281 0.894531 0.876562
1 0.657129 0.233594 0.685742 0.467187
9 0.844531 0.775391 0.310937 0.449219
9 0.654785 0.251758 0.69043 0.503516
9 0.508594 0.508203 0.907812 0.666406
6 0.178613 0.134766 0.357227 0.269531
9 0.564844 0.865039 0.473437 0.269922
2 0.187891 0.15332 0.375781 0.306641
2 0.279492 0.300391 0.558984 0.600781
2 0.317187 0.269922 0.634375 0.539844
9 0.530469 0.785937 0.592188 0.428125
4 0.193555 0.838672 0.387109 0.322656
9 0.333203 0.875 0.430469 0.25
7 0.65459 0.462891 0.69082 0.746094
2 0.232812 0.255078 0.465625 0.510156
3 0.197266 0.857813 0.394531 0.284375
9 0.505859 0.275 0.763281 0.55
1 0.492969 0.246289 0.6375 0.492578
7 0.535547 0.347852 0.686719 0.523047
7 0.527344 0.294922 0.945312 0.589844
9 0.312109 0.727344 0.505469 0.382812
3 0.184375 0.813672 0.36875 0.372656
2 0.258594 0.844727 0.517187 0.310547
9 0.516406 0.692578 0.715625 0.614844
9 0.302344 0.832031 0.408594 0.2875
9 0.517969 0.306445 0.964063 0.612891
9 0.409277 0.714063 0.648633 0.571875
9 0.377734 0.833789 0.602344 0.332422
2 0.193555 0.838672 0.387109 0.322656
9 0.527344 0.626562 0.907812 0.55625
9 0.559766 0.603906 0.871094 0.7625
9 0.454688 0.566406 0.779688 0.415625
7 0.657129 0.292578 0.685742 0.585156
9 0.660645 0.331836 0.678711 0.627734
1 0.385156 0.248633 0.657812 0.496484
1 0.539844 0.935156 0.0875 0.129688
9 0.482715 0.740234 0.614258 0.519531
7 0.583984 0.784961 0.832031 0.430078
7 0.567578 0.146875 0.864844 0.29375
9 0.88125 0.732031 0.2375 0.535937
7 0.671777 0.758984 0.656445 0.482031
3 0.229687 0.786133 0.459375 0.427734
4 0.266406 0.517578 0.532812 0.575781
7 0.300195 0.749609 0.600391 0.500781
1 0.402441 0.21875 0.62793 0.4375
6 0.186523 0.184375 0.373047 0.36875
1 0.404785 0.124023 0.545117 0.248047
1 0.778711 0.25918 0.442578 0.518359
1 0.496875 0.226172 0.584375 0.452344
1 0.788477 0.34082 0.423047 0.656641
9 0.325391 0.806445 0.477344 0.387109
1 0.365234 0.20332 0.51875 0.378516
7 0.545703 0.5875 0.908594 0.825
6 0.571094 0.290234 0.857813 0.580469
4 0.295898 0.790039 0.591797 0.419922
1 0.441016 0.129883 0.640625 0.259766
7 0.608984 0.655566 0.782031 0.688867
7 0.791797 0.374219 0.416406 0.678906
1 0.937109 0.773828 0.125781 0.138281
1 0.969531 0.952344 0.0609375 0.084375
1 0.374219 0.179297 0.585938 0.358594
1 0.895312 0.482812 0.115625 0.135937
4 0.308984 0.315234 0.617969 0.630469
1 0.954687 0.967969 0.078125 0.0640625
4 0.264844 0.785156 0.529688 0.429688
1 0.271094 0.923437 0.175781 0.146875
9 0.487598 0.683984 0.593555 0.505469
4 0.154102 0.814062 0.308203 0.371875
1 0.7875 0.932031 0.0984375 0.135937
1 0.275 0.928125 0.104687 0.14375
1 0.945312 0.962891 0.103125 0.0742188
3 0.859961 0.788281 0.280078 0.423438
7 0.777344 0.733594 0.445312 0.532812
6 0.26875 0.189453 0.5375 0.378906
2 0.228906 0.402734 0.457812 0.575
1 0.911719 0.487891 0.16875 0.160156
3 0.65625 0.481641 0.6875 0.774219
1 0.523047 0.923437 0.139062 0.153125
1 0.963281 0.957031 0.0734375 0.075
1 0.531934 0.158398 0.654883 0.316797
9 0.332422 0.771875 0.615625 0.45625
1 0.957422 0.871094 0.0851562 0.157813
9 0.474609 0.883789 0.432031 0.232422
2 0.308984 0.315234 0.617969 0.630469
9 0.476953 0.817578 0.519531 0.364844
1 0.924609 0.877344 0.150781 0.15625
1 0.511719 0.932813 0.0976562 0.134375
1 0.758594 0.924219 0.10625 0.151562
7 0.86582 0.619922 0.268359 0.672656
1 0.958203 0.9375 0.0835937 0.104687
1 0.857813 0.935156 0.134375 0.120312
2 0.744531 0.804688 0.510938 0.390625
6 0.197266 0.857813 0.394531 0.284375
1 0.311914 0.91875 0.141797 0.146875
1 0.766797 0.960547 0.0835937 0.0789063
1 0.896875 0.471875 0.175 0.15625
3 0.230469 0.84082 0.460938 0.318359
1 0.565625 0.930859 0.0921875 0.138281
1 0.860937 0.95625 0.109375 0.0875
7 0.332422 0.210938 0.664844 0.421875
1 0.480078 0.917969 0.146094 0.164062
3 0.26875 0.189453 0.5375 0.378906
1 0.291016 0.946484 0.0972656 0.107031
1 0.958203 0.898438 0.0835937 0.15
1 0.925391 0.917188 0.149219 0.15
1 0.227148 0.904688 0.119141 0.165625
1 0.779688 0.964453 0.0765625 0.0710938
1 0.239453 0.939453 0.096875 0.121094
1 0.752344 0.957812 0.0859375 0.084375
4 0.567578 0.146875 0.864844 0.29375
4 0.229687 0.786133 0.459375 0.427734
1 0.529688 0.964453 0.08125 0.0710938
1 0.928125 0.0642578 0.14375 0.121094
4 0.695898 0.150781 0.608203 0.301562
0 0.492969 0.246289 0.6375 0.492578
3 0.693359 0.632422 0.613281 0.705469
1 0.742969 0.919141 0.14375 0.161719
1 0.541406 0.967578 0.0765625 0.0648438
1 0.789844 0.967969 0.065625 0.0640625
7 0.682031 0.575879 0.635938 0.687305
1 0.254297 0.934375 0.0828125 0.128125
7 0.731055 0.186914 0.537891 0.373828
1 0.93125 0.969141 0.115625 0.0617188
0 0.385156 0.248633 0.657812 0.496484
5 0.228906 0.439453 0.457812 0.457031
7 0.809375 0.557715 0.38125 0.701758
1 0.969531 0.925 0.0609375 0.115625
7 0.689062 0.154687 0.621875 0.309375
1 0.904688 0.901563 0.190625 0.16875
1 0.882812 0.935156 0.121875 0.114063
4 0.299219 0.0933594 0.598437 0.186719
1 0.497656 0.953125 0.1 0.09375
4 0.693945 0.825 0.612109 0.35
1 0.935156 0.35 0.129688 0.14375
1 0.842188 0.958594 0.0875 0.0828125
4 0.552734 0.463281 0.894531 0.876562
1 0.940625 0.373828 0.11875 0.138281
6 0.606641 0.240234 0.786719 0.480469
3 0.813867 0.506641 0.372266 0.736719
7 0.264844 0.785156 0.529688 0.429688
7 0.864648 0.416406 0.270703 0.710938
7 0.17168 0.172461 0.343359 0.344922
3 0.820312 0.653516 0.359375 0.674219
1 0.903906 0.917188 0.135937 0.14375
4 0.416016 0.0655273 0.450781 0.131055
1 0.321875 0.932031 0.114844 0.13125
4 0.474219 0.0751953 0.584375 0.150391
1 0.883594 0.965625 0.0875 0.0625
1 0.150488 0.921875 0.150586 0.146875
7 0.520312 0.527734 0.909375 0.572656
4 0.606738 0.772656 0.786523 0.454688
1 0.933594 0.85625 0.132812 0.146875
1 0.804688 0.964063 0.0828125 0.071875
4 0.523438 0.286719 0.734375 0.567187
1 0.485156 0.932813 0.107813 0.134375
4 0.430469 0.134473 0.823438 0.268945
2 0.695898 0.150781 0.608203 0.301562
1 0.162988 0.939062 0.131836 0.1125
1 0.517578 0.960938 0.078125 0.078125
7 0.0436523 0.380469 0.0873047 0.760938
7 0.0850586 0.360352 0.170117 0.720703
7 0.0240723 0.40791 0.0481445 0.776367
7 0.159668 0.691016 0.319336 0.617969
7 0.15498 0.340234 0.309961 0.680469
7 0.0335693 0.453906 0.0671387 0.779688
7 0.0227539 0.564062 0.0455078 0.807813
7 0.0237793 0.651172 0.0475586 0.697656
7 0.0320801 0.664453 0.0641602 0.419531
6 0.185645 0.3 0.371289 0.599219
6 0.0436523 0.380469 0.0873047 0.760938
6 0.0850586 0.360352 0.170117 0.720703
7 0.171191 0.7625 0.342383 0.475
7 0.0285889 0.664844 0.0571777 0.428125
7 0.164258 0.602344 0.328516 0.795313
7 0.0362793 0.695312 0.0725586 0.609375
7 0.0251221 0.469531 0.0502441 0.492188
7 0.0793945 0.571875 0.158789 0.83125
7 0.197852 0.768164 0.395703 0.463672
6 0.0240723 0.40791 0.0481445 0.776367
9 0.64375 0.269531 0.7125 0.454688
7 0.121387 0.712695 0.242773 0.574609
9 0.772656 0.248437 0.454688 0.440625
7 0.0601562 0.810352 0.120312 0.379297
9 0.535547 0.591406 0.511719 0.185937
9 0.820312 0.76875 0.353125 0.385938
7 0.0228516 0.544922 0.0457031 0.455469
9 0.810938 0.688281 0.351562 0.367188
9 0.64209 0.382715 0.704883 0.268945
9 0.590234 0.653906 0.488281 0.13125
9 0.478906 0.607031 0.551562 0.240625
9 0.669629 0.554297 0.601367 0.194531
9 0.747656 0.550781 0.504687 0.154687
6 0.130371 0.332031 0.260742 0.664062
9 0.697266 0.364648 0.605469 0.334766
9 0.605469 0.677344 0.385938 0.15625
9 0.724219 0.192188 0.551562 0.346875
9 0.851367 0.636719 0.297266 0.226562
7 0.181543 0.264062 0.363086 0.528125
9 0.61416 0.596484 0.723242 0.167187
9 0.686719 0.628125 0.626562 0.246875
7 0.0375 0.622656 0.075 0.470313
9 0.707031 0.0988281 0.585938 0.197656
9 0.851172 0.811523 0.297656 0.376953
9 0.604785 0.340625 0.713867 0.276563
9 0.873047 0.867188 0.253906 0.254687
9 0.455469 0.550781 0.626562 0.164062
9 0.785156 0.703516 0.423438 0.225781
7 0.850781 0.214062 0.298438 0.414062
9 0.661816 0.513281 0.62793 0.221875
9 0.692969 0.147363 0.598437 0.245117
7 0.03396 0.451953 0.0679199 0.566406
9 0.85 0.83457 0.3 0.330859
9 0.767187 0.682031 0.465625 0.163281
9 0.66875 0.425098 0.6625 0.245117
9 0.578027 0.410547 0.664258 0.240625
9 0.632031 0.70625 0.296875 0.171875
9 0.656934 0.240186 0.633008 0.354785
9 0.482031 0.674219 0.398438 0.1875
9 0.229687 0.64375 0.459375 0.429688
9 0.739844 0.508984 0.520312 0.207813
9 0.802148 0.898438 0.395703 0.190625
7 0.0266846 0.382812 0.0533691 0.459375
9 0.662109 0.724219 0.271094 0.220313
9 0.773047 0.555078 0.453906 0.188281
9 0.596875 0.102051 0.6125 0.204102
9 0.671777 0.464844 0.64707 0.228125
6 0.0335693 0.453906 0.0671387 0.779688
9 0.699219 0.868945 0.282813 0.255859
7 0.168945 0.466016 0.337891 0.783594
9 0.535547 0.369727 0.653906 0.229297
9 0.785742 0.804883 0.428516 0.390234
7 0.0382813 0.776367 0.0765625 0.441016
9 0.23125 0.584375 0.448438 0.245312
9 0.47959 0.4625 0.668945 0.2625
9 0.676953 0.836719 0.267969 0.217187
9 0.858984 0.742578 0.282031 0.342969
9 0.664453 0.78457 0.274219 0.258984
9 0.816602 0.889844 0.366797 0.220313
9 0.876562 0.630469 0.246875 0.2375
9 0.879687 0.828125 0.240625 0.34375
9 0.239453 0.504297 0.478906 0.410937
9 0.530371 0.538281 0.689258 0.179688
9 0.257422 0.5875 0.408594 0.191406
9 0.834961 0.846875 0.330078 0.30625
9 0.891406 0.145703 0.217187 0.2875
9 0.570703 0.146094 0.657031 0.231641
9 0.890625 0.244922 0.21875 0.489844
1 0.382812 0.716406 0.065625 0.071875
9 0.271094 0.430469 0.542188 0.365625
9 0.173828 0.733594 0.347656 0.520312
9 0.839453 0.278906 0.321094 0.505469
9 0.636328 0.840625 0.342969 0.257812
9 0.733594 0.832812 0.382812 0.321875
1 0.341797 0.769531 0.0523437 0.0671875
9 0.343359 0.318359 0.686719 0.23125
6 0.0227539 0.564062 0.0455078 0.807813
9 0.801562 0.858594 0.396875 0.282813
9 0.85293 0.358203 0.294141 0.340625
9 0.391797 0.525 0.632031 0.226562
9 0.845703 0.86875 0.308594 0.246875
9 0.500098 0.0987305 0.60293 0.197461
9 0.449316 0.399609 0.54668 0.21875
9 0.64375 0.882812 0.384375 0.220313
9 0.270654 0.685156 0.378223 0.279687
9 0.623438 0.873438 0.423438 0.253125
9 0.746094 0.461621 0.507812 0.206445
7 0.138965 0.753125 0.27793 0.49375
9 0.352539 0.262695 0.705078 0.248828
9 0.788477 0.5125 0.423047 0.245312
9 0.635938 0.749219 0.415625 0.160938
7 0.042627 0.378125 0.0852539 0.539844
9 0.649219 0.0674316 0.701563 0.134863
9 0.426953 0.651953 0.39375 0.164062
9 0.328516 0.330664 0.657031 0.465234
9 0.324609 0.599609 0.35625 0.227344
9 0.820312 0.927344 0.359375 0.145313
9 0.287109 0.356445 0.566406 0.190234
9 0.896094 0.7125 0.207813 0.325
9 0.208789 0.569434 0.417578 0.468945
6 0.159668 0.691016 0.319336 0.617969
9 0.609766 0.928125 0.382031 0.14375
9 0.499121 0.069043 0.629883 0.138086
9 0.610937 0.898438 0.41875 0.203125
9 0.891406 0.697656 0.217187 0.278125
7 0.0726074 0.289453 0.145215 0.578906
9 0.892187 0.15293 0.215625 0.305859
9 0.235938 0.409277 0.45625 0.218945
9 0.832227 0.41416 0.335547 0.241992
9 0.573535 0.208203 0.674805 0.248828
9 0.886719 0.280078 0.226562 0.46875
9 0.497754 0.916406 0.35293 0.167187
7 0.0273438 0.73125 0.0545898 0.396875
9 0.24375 0.545313 0.425781 0.242188
9 0.316797 0.559766 0.374219 0.2125
9 0.337891 0.663281 0.289062 0.239063
9 0.203125 0.769336 0.40625 0.461328
9 0.142773 0.0746582 0.285547 0.149316
9 0.8875 0.102539 0.225 0.205078
9 0.479297 0.74375 0.326562 0.220313
9 0.590234 0.040625 0.783594 0.08125
9 0.574609 0.305273 0.622656 0.271484
9 0.757031 0.916406 0.473437 0.164062
9 0.813672 0.455371 0.372656 0.218945
9 0.512109 0.340039 0.522656 0.223828
9 0.464941 0.0420898 0.73418 0.0841797
9 0.440625 0.363867 0.4375 0.216016
9 0.545703 0.907031 0.341406 0.185937
7 0.0521484 0.680469 0.10332 0.389062
9 0.891406 0.789844 0.217187 0.420312
9 0.207617 0.102832 0.415234 0.205664
9 0.347266 0.122168 0.648438 0.242383
9 0.372656 0.522656 0.495313 0.192188
9 0.889453 0.350195 0.221094 0.334766
9 0.890625 0.832031 0.21875 0.323438
7 0.124805 0.767187 0.222266 0.34375
9 0.338672 0.0717773 0.660937 0.143555
9 0.101465 0.0728516 0.20293 0.145703
9 0.359375 0.190186 0.689844 0.206348
9 0.683594 0.978125 0.403125 0.04375
9 0.373437 0.0330811 0.653125 0.0661621
9 0.837305 0.444922 0.325391 0.239063
9 0.421875 0.926562 0.520312 0.146875
9 0.623828 0.857813 0.455469 0.284375
9 0.335547 0.0372559 0.659375 0.0745117
7 0.0255371 0.751172 0.0510742 0.450781
9 0.769141 0.944531 0.461719 0.110937
9 0.849023 0.0482422 0.301953 0.0964844
9 0.423828 0.149219 0.648438 0.241406
9 0.241211 0.487109 0.425391 0.247656
9 0.624219 0.967969 0.4125 0.0640625
9 0.217969 0.44834 0.435937 0.645508
9 0.499609 0.948438 0.378906 0.103125
9 0.755469 0.973437 0.489062 0.053125
7 0.14375 0.267773 0.2875 0.535547
9 0.175781 0.255078 0.351562 0.510156
9 0.224219 0.760938 0.439063 0.428125
9 0.146387 0.763672 0.292773 0.472656
9 0.404785 0.446777 0.531055 0.211133
9 0.26167 0.808594 0.37666 0.360938
6 0.0237793 0.651172 0.0475586 0.697656
9 0.892969 0.767969 0.214062 0.310937
1 0.574219 0.66875 0.053125 0.0742188
9 0.885742 0.16543 0.228516 0.321875
9 0.413281 0.949219 0.58125 0.101562
9 0.826563 0.0518066 0.346875 0.103613
9 0.882031 0.398047 0.235938 0.272656
9 0.336328 0.707812 0.20625 0.10625
9 0.3125 0.0505859 0.625 0.101172
9 0.473828 0.203711 0.661719 0.227734
9 0.85 0.143652 0.3 0.287305
1 0.392578 0.507422 0.0898438 0.0710938
7 0.252344 0.802344 0.109375 0.110937
9 0.287305 0.143555 0.574609 0.287109
9 0.464453 0.295898 0.538281 0.220703
9 0.207227 0.244727 0.414453 0.489453
9 0.417285 0.330078 0.438867 0.238281
9 0.545313 0.945312 0.339063 0.109375
9 0.880469 0.113672 0.239063 0.227344
9 0.295312 0.939062 0.444531 0.121875
9 0.493066 0.875781 0.349805 0.248437
7 0.274219 0.85625 0.164844 0.265625
7 0.767187 0.235938 0.465625 0.471875
9 0.429688 0.707812 0.339063 0.121875
9 0.231055 0.889844 0.462109 0.220313
9 0.108984 0.208984 0.217969 0.417969
9 0.169141 0.553516 0.338281 0.808594
9 0.309424 0.903906 0.316309 0.192188
9 0.813672 0.209375 0.372656 0.41875
9 0.312109 0.460254 0.476562 0.201367
9 0.273486 0.827539 0.332715 0.344922
9 0.507422 0.828125 0.342969 0.34375
9 0.163867 0.820703 0.327734 0.358594
7 0.250391 0.320703 0.500781 0.619531
9 0.345898 0.830469 0.192578 0.339063
9 0.448438 0.878711 0.404687 0.242578
9 0.250391 0.320703 0.500781 0.619531
6 0.289453 0.226953 0.578906 0.444531
9 0.817969 0.0919922 0.364062 0.183984
9 0.307471 0.759375 0.268652 0.221875
6 0.171582 0.416797 0.343164 0.791406
9 0.266992 0.21582 0.533984 0.429297
9 0.226611 0.875391 0.388965 0.249219
9 0.349414 0.389746 0.530859 0.173633
9 0.313672 0.829687 0.252344 0.340625
9 0.177051 0.857813 0.354102 0.284375
9 0.444434 0.828906 0.348633 0.342187
9 0.201562 0.799219 0.403125 0.401563
7 0.175781 0.255078 0.351562 0.510156
9 0.306836 0.867188 0.305859 0.265625
7 0.255078 0.845312 0.121484 0.204688
6 0.164258 0.602344 0.328516 0.795313
9 0.127344 0.737695 0.254687 0.524609
7 0.289453 0.226953 0.578906 0.444531
7 0.0796387 0.440234 0.159277 0.608594
7 0.0220703 0.309961 0.0441406 0.434766
5 0.252344 0.808008 0.110156 0.124609
7 0.155371 0.764453 0.289258 0.260156
6 0.0793945 0.571875 0.158789 0.83125
4 0.830469 0.0847656 0.282813 0.13418
3 0.735937 0.255664 0.528125 0.485547
9 0.171582 0.416797 0.343164 0.791406
7 0.0501953 0.795703 0.100391 0.408594
9 0.15957 0.76875 0.319141 0.4625
9 0.194873 0.816016 0.368848 0.367969
7 0.163867 0.820703 0.327734 0.358594
3 0.830273 0.238672 0.339453 0.464063
4 0.830469 0.0610352 0.320312 0.12207
5 0.661719 0.242578 0.676562 0.485156
9 0.0362793 0.695312 0.0725586 0.609375
4 0.133105 0.243555 0.266211 0.236719
7 0.0454102 0.290625 0.0908203 0.489062
4 0.207227 0.244727 0.414453 0.489453
7 0.0991211 0.338281 0.198242 0.551562
1 0.575 0.688672 0.0523437 0.113281
3 0.15625 0.764648 0.3125 0.470703
1 0.253125 0.804883 0.0960938 0.115234
3 0.177539 0.366016 0.355078 0.732031
7 0.3125 0.0505859 0.625 0.101172
7 0.335547 0.0372559 0.659375 0.0745117
7 0.177051 0.857813 0.354102 0.284375
0 0.772656 0.248437 0.454688 0.440625
9 0.0335693 0.453906 0.0671387 0.779688
6 0.145703 0.671484 0.291406 0.197656
6 0.14375 0.267773 0.2875 0.535547
9 0.14375 0.267773 0.2875 0.535547
4 0.287305 0.143555 0.574609 0.287109
4 0.15625 0.764648 0.3125 0.470703
9 0.023877 0.676172 0.0477539 0.647656
1 0.445312 0.636719 0.0875 0.084375
7 0.219922 0.8625 0.211719 0.2375
1 0.796875 0.648438 0.04375 0.04375
1 0.507031 0.659375 0.065625 0.0921875
6 0.590234 0.040625 0.783594 0.08125
4 0.168945 0.466016 0.337891 0.783594
4 0.210742 0.801172 0.389453 0.397656
4 0.126953 0.282031 0.253906 0.176953
9 0.0227539 0.564062 0.0455078 0.807813
7 0.0703125 0.213281 0.140625 0.426562
3 0.197852 0.768164 0.395703 0.463672
7 0.373437 0.0330811 0.653125 0.0661621
3 0.834961 0.846875 0.330078 0.30625
6 0.464941 0.0420898 0.73418 0.0841797
3 0.165527 0.654004 0.331055 0.682617
3 0.837109 0.874023 0.325781 0.251953
3 0.181543 0.264062 0.363086 0.528125
9 0.0793945 0.571875 0.158789 0.83125
7 0.287305 0.143555 0.574609 0.287109
1 0.651953 0.303711 0.696094 0.412891
7 0.482031 0.674219 0.398438 0.1875
0 0.101465 0.0728516 0.20293 0.145703
4 0.207617 0.102832 0.415234 0.205664
4 0.781445 0.0867188 0.287109 0.131641
3 0.289453 0.226953 0.578906 0.444531
4 0.266992 0.21582 0.533984 0.429297
6 0.171191 0.7625 0.342383 0.475
7 0.647266 0.0444336 0.705469 0.0888672
6 0.219336 0.845117 0.187891 0.200391
3 0.207617 0.102832 0.415234 0.205664
7 0.28418 0.0785645 0.568359 0.157129
9 0.332422 0.128027 0.664844 0.256055
7 0.190039 0.451562 0.380078 0.903125
7 0.742188 0.414844 0.515625 0.829687
7 0.653125 0.410937 0.434375 0.821875
9 0.25 0.12207 0.5 0.244141
7 0.808594 0.250586 0.382812 0.501172
7 0.587109 0.380273 0.400781 0.760547
9 0.410937 0.120312 0.821875 0.240625
7 0.216846 0.562891 0.367871 0.874219
7 0.485059 0.403125 0.400195 0.80625
7 0.277734 0.402734 0.408594 0.805469
7 0.636719 0.563281 0.4125 0.873438
7 0.534375 0.505469 0.398438 0.848437
7 0.741797 0.557422 0.516406 0.885156
7 0.382031 0.370117 0.410937 0.740234
7 0.801562 0.395703 0.396875 0.791406
9 0.183789 0.118164 0.367578 0.236328
7 0.522266 0.335547 0.525781 0.671094
7 0.280078 0.341992 0.527344 0.683984
7 0.383594 0.333398 0.5375 0.666797
7 0.70625 0.327734 0.559375 0.655469
7 0.482812 0.566406 0.392188 0.867188
7 0.174023 0.55625 0.348047 0.8875
7 0.581641 0.5875 0.419531 0.807813
7 0.183984 0.634766 0.367969 0.722656
7 0.188672 0.334375 0.377344 0.66875
9 0.286914 0.124414 0.573828 0.248828
7 0.429688 0.501562 0.404687 0.840625
7 0.747656 0.205078 0.504687 0.410156
9 0.861719 0.673437 0.276563 0.653125
9 0.366211 0.155762 0.732422 0.311523
9 0.497656 0.125098 0.86875 0.250195
9 0.209375 0.119336 0.41875 0.238672
7 0.16084 0.385352 0.32168 0.770703
3 0.305859 0.128125 0.611719 0.25625
9 0.108203 0.130859 0.216406 0.261719
9 0.548437 0.102539 0.884375 0.205078
6 0.219531 0.415625 0.403125 0.83125
9 0.422656 0.15459 0.825 0.30918
9 0.192188 0.157129 0.384375 0.314258
9 0.234766 0.174023 0.469531 0.348047
3 0.224219 0.117871 0.448438 0.235742
6 0.279102 0.378125 0.419922 0.75625
3 0.384766 0.124609 0.769531 0.249219
6 0.741406 0.392188 0.517187 0.784375
7 0.80957 0.175195 0.380859 0.350391
3 0.154102 0.116992 0.308203 0.233984
6 0.216846 0.562891 0.367871 0.874219
6 0.653125 0.410937 0.434375 0.821875
6 0.587109 0.380273 0.400781 0.760547
6 0.324414 0.448828 0.409766 0.721094
6 0.380859 0.390625 0.407031 0.78125
7 0.318799 0.530859 0.394434 0.799219
6 0.80332 0.346094 0.393359 0.692187
6 0.490234 0.376758 0.410156 0.753516
9 0.179883 0.317383 0.359766 0.634766
9 0.171973 0.196094 0.343945 0.392188
7 0.171484 0.479688 0.342969 0.876562
9 0.262305 0.838086 0.524609 0.323828
9 0.610547 0.200391 0.692969 0.400781
9 0.173438 0.682031 0.346875 0.635938
6 0.534375 0.505469 0.398438 0.848437
3 0.260547 0.122461 0.521094 0.244922
9 0.12207 0.844531 0.244141 0.310937
6 0.429688 0.501562 0.404687 0.840625
6 0.636719 0.563281 0.4125 0.873438
7 0.260107 0.636328 0.36416 0.707031
9 0.762109 0.682324 0.475781 0.635352
9 0.351953 0.291602 0.628906 0.583203
9 0.354688 0.840625 0.575 0.31875
9 0.10918 0.112695 0.218359 0.225391
9 0.676855 0.139453 0.646289 0.278906
9 0.331641 0.739844 0.479688 0.520312
6 0.741797 0.557422 0.516406 0.885156
7 0.179883 0.317383 0.359766 0.634766
3 0.142773 0.120898 0.285547 0.241797
9 0.171484 0.479688 0.342969 0.876562
9 0.878906 0.155859 0.242188 0.311719
9 0.195312 0.840039 0.390625 0.319922
6 0.482812 0.566406 0.392188 0.867188
9 0.14668 0.482129 0.293359 0.76543
7 0.64375 0.655859 0.390625 0.657031
3 0.480859 0.109668 0.866406 0.219336
9 0.133008 0.88457 0.266016 0.230859
9 0.908594 0.834375 0.182812 0.33125
9 0.905469 0.185742 0.189063 0.371484
9 0.160352 0.221094 0.320703 0.442187
6 0.581641 0.5875 0.419531 0.807813
6 0.16543 0.389062 0.330859 0.778125
9 0.710156 0.207617 0.579687 0.415234
9 0.48291 0.301367 0.582617 0.602734
7 0.771094 0.614746 0.457812 0.700195
5 0.389844 0.735547 0.475781 0.528906
7 0.5 0.65 0.342969 0.69375
9 0.911719 0.158594 0.176563 0.317187
9 0.0953125 0.79043 0.190625 0.419141
9 0.135156 0.565625 0.270312 0.8625
9 0.108691 0.481641 0.217383 0.732031
5 0.783008 0.65625 0.433984 0.6875
9 0.153125 0.337305 0.30625 0.630859
9 0.443848 0.825781 0.549805 0.348437
5 0.903906 0.696094 0.192188 0.604688
5 0.874609 0.666406 0.250781 0.667188
0 0.331641 0.739844 0.479688 0.520312
0 0.262305 0.838086 0.524609 0.323828
6 0.815234 0.223438 0.369531 0.446875
0 0.354688 0.840625 0.575 0.31875
9 0.784961 0.195703 0.430078 0.391406
7 0.610547 0.200391 0.692969 0.400781
5 0.790234 0.797461 0.419531 0.405078
9 0.141016 0.279297 0.282031 0.558594
5 0.855664 0.824219 0.288672 0.351562
9 0.904688 0.261914 0.190625 0.523828
9 0.944922 0.8375 0.110156 0.323438
5 0.261523 0.732813 0.436328 0.534375
9 0.16084 0.385352 0.32168 0.770703
9 0.208984 0.871875 0.417969 0.25625
9 0.930469 0.907031 0.139062 0.185937
9 0.864844 0.111133 0.270312 0.222266
6 0.460156 0.333789 0.533594 0.667578
9 0.13418 0.684082 0.268359 0.631836
3 0.113086 0.157422 0.226172 0.314844
9 0.119238 0.68125 0.238477 0.6375
9 0.150195 0.858398 0.300391 0.283203
9 0.43916 0.725781 0.45918 0.548437
9 0.418359 0.880859 0.628906 0.238281
3 0.286133 0.155273 0.572266 0.310547
7 0.386328 0.583984 0.424219 0.816406
9 0.233252 0.719141 0.366309 0.561719
9 0.903906 0.696094 0.192188 0.604688
6 0.171875 0.503516 0.34375 0.886719
9 0.552441 0.83125 0.493555 0.3375
9 0.0958984 0.536719 0.191797 0.770312
9 0.251953 0.311914 0.49375 0.623828
5 0.90625 0.876562 0.1875 0.246875
7 0.792188 0.521191 0.415625 0.681055
9 0.794922 0.7125 0.410156 0.575
0 0.443848 0.825781 0.549805 0.348437
9 0.11875 0.415234 0.2375 0.633594
9 0.632812 0.687891 0.3875 0.624219
9 0.682422 0.883203 0.482031 0.233594
9 0.933594 0.944531 0.132812 0.110937
9 0.605859 0.888672 0.497656 0.222656
9 0.837109 0.183594 0.325781 0.367188
3 0.873828 0.655566 0.252344 0.687305
9 0.927344 0.188867 0.145313 0.377734
7 0.152148 0.599219 0.304297 0.776563
9 0.895312 0.335547 0.209375 0.671094
6 0.307617 0.578906 0.373047 0.817187
9 0.798047 0.116602 0.403906 0.233203
5 0.479688 0.711719 0.45625 0.576563
7 0.234766 0.174023 0.469531 0.348047
6 0.260107 0.636328 0.36416 0.707031
5 0.908594 0.834375 0.182812 0.33125
5 0.224805 0.837891 0.449609 0.324219
9 0.382812 0.727734 0.461719 0.544531
0 0.43916 0.725781 0.45918 0.548437
5 0.934375 0.796875 0.13125 0.395312
3 0.108691 0.481641 0.217383 0.732031
9 0.855664 0.824219 0.288672 0.351562
3 0.392969 0.155859 0.785937 0.311719
9 0.898438 0.600098 0.203125 0.520117
9 0.869531 0.0592285 0.260938 0.118457
9 0.144531 0.652246 0.289062 0.689258
9 0.917969 0.935938 0.164062 0.128125
9 0.801953 0.592578 0.396094 0.730469
9 0.934375 0.796875 0.13125 0.395312
9 0.713281 0.833008 0.440625 0.333984
9 0.846484 0.117578 0.307031 0.235156
7 0.853516 0.359766 0.292969 0.719531
3 0.600391 0.126953 0.799219 0.253906
9 0.860156 0.867578 0.279687 0.264844
9 0.886914 0.450781 0.226172 0.635938
9 0.625391 0.316992 0.519531 0.633984
9 0.0990234 0.247461 0.198047 0.476953
9 0.939844 0.759375 0.120312 0.448438
9 0.690625 0.675879 0.292188 0.648242
7 0.207422 0.189063 0.414844 0.378125
3 0.0958984 0.536719 0.191797 0.770312
6 0.183984 0.634766 0.367969 0.722656
9 0.188672 0.334375 0.377344 0.66875
7 0.135156 0.565625 0.270312 0.8625
3 0.801953 0.592578 0.396094 0.730469
3 0.11875 0.415234 0.2375 0.633594
9 0.523438 0.697266 0.423438 0.605469
5 0.443848 0.825781 0.549805 0.348437
5 0.944922 0.8375 0.110156 0.323438
5 0.930469 0.907031 0.139062 0.185937
7 0.676855 0.139453 0.646289 0.278906
9 0.708594 0.108691 0.582812 0.217383
7 0.436035 0.665527 0.373242 0.645508
9 0.90625 0.876562 0.1875 0.246875
7 0.262305 0.838086 0.524609 0.323828
7 0.0998047 0.588379 0.199609 0.760742
9 0.738281 0.844531 0.523438 0.310937
5 0.15293 0.682129 0.305859 0.635742
7 0.722656 0.676953 0.448438 0.639844
3 0.354688 0.840625 0.575 0.31875
0 0.195312 0.840039 0.390625 0.319922
6 0.386328 0.583984 0.424219 0.816406
6 0.251953 0.311914 0.49375 0.623828
5 0.911719 0.158594 0.176563 0.317187
7 0.50166 0.169336 0.77793 0.338672
0 0.108789 0.118164 0.217578 0.236328
0 0.10918 0.112695 0.218359 0.225391
9 0.347656 0.700781 0.270312 0.59375
5 0.195312 0.840039 0.390625 0.319922
3 0.50166 0.169336 0.77793 0.338672
9 0.150195 0.619531 0.300391 0.701563
5 0.13418 0.684082 0.268359 0.631836
9 0.840625 0.106836 0.31875 0.213672
3 0.106543 0.640723 0.213086 0.70918
5 0.12207 0.844531 0.244141 0.310937
7 0.354688 0.840625 0.575 0.31875
3 0.192188 0.157129 0.384375 0.314258
6 0.799219 0.525 0.401563 0.896875
5 0.196094 0.700781 0.378906 0.598437
3 0.262305 0.838086 0.524609 0.323828
5 0.850391 0.514063 0.299219 0.626562
0 0.12207 0.844531 0.244141 0.310937
3 0.118945 0.304102 0.237891 0.548047
5 0.689844 0.687891 0.432813 0.624219
6 0.855078 0.266797 0.289844 0.533594
5 0.578516 0.693359 0.424219 0.613281
3 0.118359 0.217187 0.236719 0.434375
3 0.135156 0.565625 0.270312 0.8625
6 0.625391 0.316992 0.519531 0.633984
0 0.418359 0.880859 0.628906 0.238281
3 0.389844 0.735547 0.475781 0.528906
4 0.135156 0.565625 0.270312 0.8625
5 0.933594 0.944531 0.132812 0.110937
1 0.0889648 0.00618896 0.17793 0.0123779
6 0.10918 0.112695 0.218359 0.225391
5 0.0958984 0.536719 0.191797 0.770312
5 0.0953125 0.79043 0.190625 0.419141
3 0.786328 0.662207 0.427344 0.675586
9 0.881836 0.415625 0.236328 0.621875
9 0.283203 0.678906 0.367969 0.628125
7 0.160352 0.221094 0.320703 0.442187
9 0.911719 0.25957 0.176563 0.519141
7 0.794727 0.20918 0.410547 0.418359
9 0.307031 0.232764 0.614062 0.257129
9 0.305078 0.286328 0.610156 0.241406
9 0.301172 0.329297 0.602344 0.252344
9 0.301953 0.180029 0.603906 0.258691
9 0.325977 0.375879 0.651953 0.25918
9 0.357422 0.420703 0.714844 0.273438
6 0.794727 0.20918 0.410547 0.418359
9 0.390234 0.387598 0.727344 0.24043
9 0.228125 0.232031 0.45625 0.279687
9 0.375391 0.158789 0.750781 0.300391
9 0.228906 0.287451 0.457812 0.261035
9 0.3 0.142383 0.6 0.232422
7 0.879687 0.205469 0.240625 0.410937
9 0.396777 0.339063 0.723633 0.240625
6 0.884961 0.175293 0.230078 0.350586
9 0.224609 0.167773 0.449219 0.299609
9 0.252344 0.354688 0.504687 0.304688
9 0.348047 0.409375 0.696094 0.397656
9 0.407715 0.295703 0.787695 0.233594
9 0.405859 0.226953 0.811719 0.314844
9 0.39541 0.137305 0.635742 0.240234
7 0.748047 0.160645 0.503906 0.321289
6 0.102832 0.166406 0.204492 0.332812
6 0.857617 0.200977 0.284766 0.401953
9 0.401465 0.438379 0.79707 0.338867
9 0.320312 0.110352 0.554688 0.220703
9 0.294922 0.378906 0.589844 0.466406
9 0.247656 0.112305 0.495313 0.224609
3 0.278516 0.232227 0.557031 0.258984
9 0.42041 0.109961 0.560742 0.219922
9 0.200781 0.132324 0.401563 0.264648
9 0.477734 0.201172 0.797656 0.402344
3 0.278516 0.283789 0.557031 0.248047
6 0.131641 0.397559 0.263281 0.451758
3 0.301953 0.180029 0.603906 0.258691
9 0.539941 0.160547 0.704492 0.310547
9 0.526953 0.330078 0.700781 0.271094
9 0.500781 0.42666 0.745313 0.268555
6 0.126172 0.258252 0.252344 0.347559
3 0.301172 0.329297 0.602344 0.252344
6 0.1375 0.139355 0.266406 0.278711
3 0.325977 0.375879 0.651953 0.25918
9 0.173633 0.114648 0.347266 0.229297
9 0.574609 0.13125 0.544531 0.2625
9 0.133008 0.1125 0.266016 0.225
6 0.764063 0.152344 0.307813 0.304688
7 0.200977 0.164941 0.401953 0.316992
7 0.747266 0.242383 0.505469 0.484766
3 0.3 0.142383 0.6 0.232422
7 0.177344 0.13291 0.354688 0.26582
6 0.714063 0.145117 0.296875 0.290234
7 0.204883 0.217578 0.409766 0.347656
9 0.575098 0.272266 0.756055 0.294531
3 0.357422 0.420703 0.714844 0.273438
7 0.170312 0.400684 0.340625 0.533008
6 0.106445 0.281641 0.212891 0.435937
6 0.224414 0.136621 0.260547 0.27207
3 0.375391 0.233203 0.750781 0.272656
6 0.899219 0.134375 0.201562 0.26875
7 0.201758 0.330859 0.403516 0.298438
3 0.367188 0.294141 0.734375 0.230469
3 0.390234 0.387598 0.727344 0.24043
3 0.252344 0.354688 0.504687 0.304688
3 0.224609 0.167773 0.449219 0.299609
9 0.18418 0.225781 0.368359 0.451562
7 0.203516 0.479004 0.407031 0.516992
7 0.204297 0.397559 0.408594 0.367383
3 0.375391 0.158789 0.750781 0.300391
9 0.624219 0.367969 0.689062 0.286719
7 0.18418 0.225781 0.368359 0.451562
9 0.652734 0.154687 0.491406 0.309375
9 0.351172 0.0955078 0.49375 0.191016
7 0.652734 0.154687 0.491406 0.309375
3 0.320312 0.110352 0.554688 0.220703
9 0.252344 0.0970703 0.489062 0.194141
9 0.652734 0.255273 0.663281 0.421484
6 0.126172 0.328516 0.252344 0.414844
7 0.841211 0.106055 0.317578 0.212109
7 0.114648 0.495996 0.229297 0.550195
3 0.348047 0.409375 0.696094 0.397656
9 0.450781 0.0956055 0.5 0.191211
7 0.185937 0.346875 0.371875 0.502344
3 0.39541 0.137305 0.635742 0.240234
7 0.249414 0.141797 0.498828 0.239063
9 0.152832 0.101367 0.305664 0.202734
3 0.247656 0.112305 0.495313 0.224609
6 0.657031 0.139258 0.28125 0.278516
6 0.156055 0.394531 0.309766 0.359375
9 0.199609 0.100098 0.399219 0.200195
6 0.748047 0.160645 0.503906 0.321289
3 0.396777 0.339063 0.723633 0.240625
9 0.204297 0.397559 0.408594 0.367383
6 0.271436 0.134961 0.250879 0.267578
6 0.828906 0.154102 0.314063 0.308203
7 0.228906 0.287451 0.457812 0.261035
9 0.348437 0.435254 0.696875 0.548242
9 0.680469 0.114551 0.470313 0.229102
6 0.901563 0.244922 0.196875 0.489844
7 0.252734 0.232422 0.505469 0.263281
7 0.574609 0.13125 0.544531 0.2625
9 0.164453 0.145508 0.328906 0.291016
7 0.275195 0.181201 0.550391 0.261035
7 0.875391 0.308594 0.249219 0.617188
6 0.203516 0.479004 0.407031 0.516992
9 0.720312 0.201172 0.495313 0.402344
3 0.42041 0.109961 0.560742 0.219922
7 0.107031 0.416016 0.184375 0.563281
9 0.766016 0.112305 0.427344 0.224609
7 0.539941 0.160547 0.704492 0.310547
3 0.294922 0.378906 0.589844 0.466406
7 0.333398 0.141016 0.637891 0.233594
6 0.170508 0.446777 0.338281 0.35332
9 0.120312 0.135547 0.240625 0.271094
7 0.473437 0.129102 0.609375 0.258203
6 0.917188 0.157031 0.165625 0.312891
9 0.559375 0.0976562 0.495313 0.195312
3 0.401465 0.438379 0.79707 0.338867
3 0.198242 0.114355 0.396484 0.228711
7 0.275977 0.327734 0.551953 0.257031
7 0.108203 0.311719 0.203906 0.623438
7 0.926562 0.186426 0.146875 0.372852
6 0.747266 0.242383 0.505469 0.484766
9 0.242969 0.466797 0.485938 0.519531
6 0.226562 0.508594 0.453125 0.560938
7 0.222266 0.113086 0.444531 0.226172
7 0.226562 0.508594 0.453125 0.560938
6 0.535937 0.670313 0.217187 0.4
9 0.373242 0.907812 0.282422 0.184375
9 0.337695 0.903906 0.295703 0.114063
3 0.204883 0.217578 0.409766 0.347656
7 0.273242 0.11123 0.546484 0.222461
6 0.144922 0.473828 0.285937 0.467969
7 0.305078 0.286328 0.610156 0.241406
7 0.375391 0.158789 0.750781 0.300391
6 0.317773 0.130859 0.230859 0.257812
9 0.429004 0.50166 0.710742 0.651367
9 0.821484 0.108203 0.357031 0.216406
7 0.571484 0.206641 0.692969 0.413281
6 0.841211 0.106055 0.317578 0.212109
7 0.339258 0.233398 0.678516 0.259766
3 0.133008 0.1125 0.266016 0.225
7 0.301172 0.366016 0.602344 0.278125
9 0.441016 0.839844 0.413281 0.3125
7 0.368945 0.109961 0.558984 0.219922
7 0.766016 0.112305 0.427344 0.224609
7 0.352539 0.3375 0.705078 0.239063
9 0.513184 0.463672 0.686133 0.516406
7 0.164453 0.145508 0.328906 0.291016
9 0.868945 0.104492 0.262109 0.208984
3 0.301172 0.0961914 0.491406 0.192383
6 0.600781 0.136328 0.265625 0.271484
6 0.185937 0.346875 0.371875 0.502344
6 0.797656 0.131641 0.289062 0.263281
9 0.25918 0.921094 0.234766 0.157813
9 0.185937 0.346875 0.371875 0.502344
7 0.405859 0.226953 0.811719 0.314844
7 0.148047 0.256641 0.296094 0.513281
7 0.151953 0.114258 0.303906 0.228516
6 0.219336 0.407129 0.321484 0.291992
7 0.351172 0.383594 0.702344 0.245312
9 0.599902 0.429297 0.73457 0.371875
3 0.487598 0.294531 0.79668 0.245312
6 0.204297 0.397559 0.408594 0.367383
3 0.223828 0.0982422 0.447656 0.196484
3 0.400391 0.0953125 0.497656 0.190625
6 0.19292 0.120898 0.214941 0.241797
7 0.301172 0.0961914 0.491406 0.192383
3 0.539453 0.112402 0.538281 0.224805
7 0.549219 0.679297 0.229687 0.425781
9 0.921094 0.103125 0.157813 0.20625
7 0.407715 0.295703 0.787695 0.233594
7 0.400391 0.0953125 0.497656 0.190625
7 0.223828 0.0982422 0.447656 0.196484
7 0.4625 0.3375 0.7125 0.25
6 0.936719 0.198047 0.126563 0.396094
9 0.705859 0.34668 0.574219 0.330078
7 0.680469 0.114551 0.470313 0.229102
7 0.175195 0.101953 0.350391 0.203906
6 0.366797 0.132031 0.238281 0.256641
6 0.149316 0.320117 0.29668 0.336328
7 0.271094 0.385938 0.542188 0.476562
3 0.477734 0.201172 0.797656 0.402344
9 0.210986 0.860742 0.392871 0.278516
7 0.820312 0.316016 0.359375 0.555469
3 0.500781 0.42666 0.745313 0.268555
9 0.482031 0.775391 0.435937 0.449219
6 0.191016 0.260547 0.382031 0.400781
1 0.675781 0.00181885 0.24375 0.0036377
6 0.551172 0.134375 0.260156 0.266406
3 0.175195 0.101953 0.350391 0.203906
7 0.575098 0.272266 0.756055 0.294531
7 0.503516 0.0962891 0.500781 0.192578
3 0.120312 0.135547 0.240625 0.271094
6 0.201758 0.330859 0.403516 0.298438
3 0.539941 0.160547 0.704492 0.310547
1 0.628906 0.00317383 0.264844 0.00634766
1 0.730078 0.00131836 0.225781 0.00263672
9 0.401172 0.603125 0.561719 0.75
1 0.360156 0.00185547 0.257812 0.00371094
9 0.937891 0.17998 0.124219 0.359961
7 0.162305 0.522656 0.324609 0.564062
9 0.917969 0.945312 0.164062 0.084375
1 0.584375 0.00310059 0.270312 0.00620117
7 0.387598 0.426953 0.75918 0.2625
9 0.863281 0.116504 0.273438 0.233008
9 0.925 0.0978516 0.15 0.195703
7 0.678125 0.211914 0.64375 0.413672
3 0.526953 0.330078 0.700781 0.271094
7 0.449121 0.390234 0.72207 0.239844
6 0.498828 0.132812 0.25 0.260938
6 0.162695 0.253125 0.319922 0.273438
9 0.191406 0.427344 0.382812 0.478125
1 0.417969 0.00296631 0.277344 0.00593262
3 0.503516 0.0962891 0.500781 0.192578
9 0.184277 0.761523 0.368555 0.476953
9 0.683203 0.409766 0.602344 0.30625
1 0.0726563 0.0036377 0.145313 0.00727539
3 0.131641 0.0958984 0.263281 0.191797
6 0.652734 0.154687 0.491406 0.309375
6 0.876953 0.282813 0.246094 0.565625
6 0.41875 0.132812 0.24375 0.257031
6 0.106055 0.451562 0.212109 0.515625
7 0.617578 0.0990234 0.480469 0.198047
1 0.781055 0.00161133 0.209766 0.00322266
1 0.530469 0.00280762 0.2625 0.00561523
0 0.559375 0.0976562 0.495313 0.195312
9 0.319922 0.898438 0.567969 0.203125
9 0.148047 0.256641 0.296094 0.513281
9 0.903906 0.85957 0.192188 0.180859
6 0.766016 0.112305 0.427344 0.224609
6 0.678125 0.211914 0.64375 0.413672
7 0.348047 0.409375 0.696094 0.397656
6 0.185156 0.165723 0.370313 0.320898
9 0.820312 0.316016 0.359375 0.555469
9 0.60166 0.510938 0.641992 0.60625
0 0.450781 0.0956055 0.5 0.191211
3 0.652734 0.154687 0.491406 0.309375
6 0.170312 0.400684 0.340625 0.533008
3 0.680469 0.114551 0.470313 0.229102
9 0.574316 0.808594 0.573242 0.375
6 0.876953 0.80957 0.246094 0.374609
9 0.926562 0.186426 0.146875 0.372852
0 0.175195 0.101953 0.350391 0.203906
6 0.342187 0.224268 0.249219 0.275684
6 0.283984 0.119141 0.194531 0.238281
9 0.860156 0.377734 0.279687 0.624219
1 0.109473 0.00673828 0.218945 0.0134766
6 0.680469 0.114551 0.470313 0.229102
6 0.46416 0.200781 0.241992 0.266797
6 0.204883 0.217578 0.409766 0.347656
0 0.351172 0.0955078 0.49375 0.191016
9 0.12168 0.205469 0.243359 0.410937
1 0.484766 0.00404053 0.280469 0.00808105
0 0.608203 0.114844 0.511719 0.229687
1 0.832031 0.00183105 0.19375 0.00366211
6 0.890625 0.0894531 0.21875 0.178906
9 0.928906 0.946875 0.142188 0.0875
9 0.921875 0.821875 0.15625 0.329688
0 0.252344 0.0970703 0.489062 0.194141
7 0.889063 0.424609 0.221875 0.716406
9 0.914844 0.930859 0.170312 0.138281
1 0.314648 0.00344238 0.266797 0.00688477
6 0.175195 0.101953 0.350391 0.203906
6 0.571484 0.206641 0.692969 0.413281
6 0.177344 0.13291 0.354688 0.26582
9 0.942969 0.192969 0.114063 0.364844
7 0.131641 0.0958984 0.263281 0.191797
6 0.450781 0.0956055 0.5 0.191211
0 0.476953 0.110547 0.553906 0.221094
0 0.68125 0.0980469 0.45625 0.196094
9 0.402344 0.878125 0.614844 0.24375
6 0.0685547 0.0996094 0.137109 0.199219
9 0.319727 0.505078 0.612109 0.588281
3 0.575098 0.272266 0.756055 0.294531
6 0.539453 0.112402 0.538281 0.224805
9 0.17627 0.31543 0.352539 0.616016
6 0.351172 0.0955078 0.49375 0.191016
6 0.575098 0.272266 0.756055 0.294531
7 0.878711 0.82207 0.242578 0.355859
6 0.192188 0.273047 0.384375 0.544531
6 0.223828 0.0982422 0.447656 0.196484
3 0.766016 0.112305 0.427344 0.224609
7 0.496875 0.678516 0.142188 0.430469
0 0.131641 0.0958984 0.263281 0.191797
9 0.644434 0.800586 0.545508 0.398828
9 0.250781 0.897656 0.501562 0.204688
9 0.507812 0.872461 0.615625 0.255078
9 0.942969 0.25625 0.114063 0.317969
9 0.108203 0.311719 0.203906 0.623438
7 0.860156 0.377734 0.279687 0.624219
9 0.128613 0.755078 0.257227 0.489844
6 0.292139 0.398047 0.292285 0.276563
3 0.18418 0.225781 0.368359 0.451562
0 0.151953 0.114258 0.303906 0.228516
9 0.942578 0.312109 0.114844 0.28125
6 0.41416 0.203516 0.238867 0.264062
9 0.55625 0.664844 0.482812 0.6375
9 0.774219 0.786133 0.451562 0.427734
9 0.881445 0.521191 0.230859 0.598242
7 0.901953 0.721875 0.196094 0.554688
6 0.901172 0.746094 0.197656 0.507812
7 0.853711 0.764063 0.292578 0.471875
6 0.926172 0.705469 0.147656 0.584375
7 0.902734 0.555371 0.194531 0.576758
7 0.928906 0.672656 0.142188 0.604688
7 0.615625 0.729688 0.223438 0.540625
7 0.588281 0.670215 0.229687 0.65957
7 0.552734 0.663672 0.150781 0.672656
7 0.203906 0.50166 0.207031 0.668555
7 0.20918 0.350586 0.228906 0.701172
7 0.232227 0.578516 0.160938 0.761719
7 0.915625 0.466406 0.16875 0.689062
7 0.657812 0.717578 0.217187 0.564844
7 0.569922 0.764844 0.297656 0.46875
7 0.104883 0.776563 0.209766 0.445312
7 0.523438 0.59375 0.209375 0.58125
6 0.853711 0.764063 0.292578 0.471875
7 0.881055 0.685938 0.237891 0.532812
7 0.599609 0.647266 0.151562 0.686719
7 0.230273 0.638281 0.214453 0.704687
6 0.615625 0.729688 0.223438 0.540625
7 0.700781 0.792188 0.364062 0.414062
6 0.657812 0.717578 0.217187 0.564844
7 0.931641 0.423438 0.136719 0.709375
7 0.641797 0.795313 0.297656 0.407813
7 0.12041 0.664062 0.24082 0.66875
7 0.535547 0.525781 0.178906 0.560938
7 0.248828 0.638672 0.1375 0.713281
7 0.953906 0.378125 0.0921875 0.75625
7 0.800391 0.751562 0.399219 0.496875
6 0.800391 0.751562 0.399219 0.496875
6 0.939062 0.725 0.121875 0.542188
7 0.920313 0.325 0.159375 0.65
6 0.925 0.514453 0.15 0.652344
7 0.885938 0.351172 0.153125 0.702344
6 0.700781 0.792188 0.364062 0.414062
6 0.902734 0.555371 0.194531 0.576758
6 0.109473 0.773438 0.218555 0.451562
7 0.186719 0.589844 0.202344 0.703125
6 0.213867 0.488281 0.202734 0.709375
7 0.188672 0.247266 0.2875 0.494531
6 0.588281 0.670215 0.229687 0.65957
6 0.197314 0.356445 0.238184 0.712891
6 0.232227 0.578516 0.160938 0.761719
6 0.641797 0.795313 0.297656 0.407813
6 0.575 0.651563 0.146094 0.678125
6 0.16084 0.68291 0.288477 0.631055
7 0.18457 0.424316 0.201562 0.676367
7 0.209033 0.375391 0.318652 0.750781
7 0.100781 0.691406 0.201562 0.614062
7 0.171094 0.795313 0.33125 0.404687
6 0.549219 0.576563 0.175 0.573438
6 0.212695 0.440527 0.335547 0.733008
7 0.178516 0.658203 0.305469 0.682031
7 0.530078 0.733984 0.285937 0.527344
7 0.689844 0.655371 0.18125 0.67207
6 0.569922 0.764844 0.297656 0.46875
7 0.889063 0.298047 0.221875 0.596094
7 0.177734 0.298047 0.221875 0.596094
6 0.953906 0.378125 0.0921875 0.75625
6 0.248828 0.638672 0.1375 0.713281
6 0.933203 0.61875 0.133594 0.646875
6 0.171094 0.795313 0.33125 0.404687
7 0.854688 0.375391 0.1625 0.7375
6 0.938281 0.336328 0.123438 0.672656
6 0.935156 0.432813 0.129688 0.735937
7 0.941797 0.242188 0.116406 0.484375
6 0.230273 0.638281 0.214453 0.704687
6 0.188672 0.247266 0.2875 0.494531
7 0.838281 0.829687 0.323438 0.3375
7 0.0980469 0.648438 0.164844 0.675
6 0.882031 0.664453 0.235938 0.530469
6 0.689844 0.655371 0.18125 0.67207
7 0.84668 0.322656 0.225391 0.645312
7 0.939062 0.725 0.121875 0.542188
7 0.938281 0.336328 0.123438 0.672656
7 0.573438 0.585938 0.142188 0.601562
7 0.49375 0.659277 0.225 0.67207
7 0.886719 0.483594 0.217187 0.665625
6 0.525781 0.667969 0.202344 0.664062
6 0.530078 0.733984 0.285937 0.527344
7 0.0384766 0.653906 0.0769531 0.665625
6 0.106348 0.674902 0.212695 0.64707
9 0.177734 0.298047 0.221875 0.596094
7 0.223438 0.250391 0.271094 0.500781
9 0.137891 0.399609 0.275781 0.421094
9 0.139941 0.358643 0.279883 0.380371
7 0.535156 0.481152 0.248437 0.59082
6 0.785937 0.666016 0.240625 0.649219
6 0.838281 0.829687 0.323438 0.3375
7 0.754687 0.821094 0.490625 0.348437
7 0.936719 0.283203 0.126563 0.555469
6 0.379785 0.489062 0.382617 0.7125
6 0.920313 0.325 0.159375 0.65
6 0.287842 0.371875 0.337598 0.74375
7 0.785937 0.666016 0.240625 0.649219
6 0.348633 0.549609 0.251172 0.686719
7 0.804688 0.360547 0.248437 0.675781
6 0.204736 0.658496 0.326465 0.683008
7 0.767578 0.296094 0.388281 0.592188
9 0.146973 0.49375 0.249805 0.542188
7 0.942969 0.331641 0.114063 0.558594
7 0.487891 0.511328 0.239063 0.635156
6 0.292383 0.321094 0.271484 0.642187
9 0.535156 0.481152 0.248437 0.59082
6 0.179102 0.630078 0.188672 0.730469
7 0.0246826 0.64541 0.0493652 0.670117
7 0.0307617 0.584375 0.0615234 0.407813
9 0.14248 0.267969 0.284961 0.353125
7 0.608203 0.826758 0.480469 0.343359
6 0.520312 0.525391 0.217187 0.577344
6 0.294727 0.705469 0.463672 0.576563
6 0.885156 0.299609 0.229687 0.599219
6 0.89375 0.371094 0.159375 0.742188
9 0.177734 0.233594 0.355469 0.467187
9 0.135937 0.174121 0.271875 0.283008
9 0.0955078 0.823633 0.191016 0.343359
6 0.525391 0.775781 0.442969 0.439063
9 0.813867 0.259375 0.372266 0.51875
9 0.810938 0.408984 0.23125 0.727344
7 0.292383 0.321094 0.271484 0.642187
9 0.163477 0.227539 0.326953 0.455078
7 0.939844 0.200781 0.120312 0.401563
9 0.767578 0.296094 0.388281 0.592188
7 0.381641 0.466406 0.222656 0.507812
9 0.840625 0.300195 0.271875 0.600391
7 0.857031 0.224609 0.165625 0.367969
6 0.310352 0.609375 0.196484 0.709375
9 0.857617 0.09375 0.284766 0.1875
9 0.884766 0.0444336 0.230469 0.0888672
9 0.139844 0.816406 0.279687 0.35625
7 0.287842 0.371875 0.337598 0.74375
9 0.0416016 0.839258 0.0832031 0.312109
9 0.18457 0.424316 0.201562 0.676367
7 0.163477 0.227539 0.326953 0.455078
9 0.623047 0.614062 0.430469 0.642187
7 0.461719 0.749219 0.353125 0.501562
7 0.152441 0.549316 0.245117 0.588867
9 0.839258 0.508594 0.243359 0.64375
9 0.551562 0.486719 0.45625 0.592188
9 0.525 0.430469 0.366406 0.628906
9 0.889063 0.298047 0.221875 0.596094
9 0.142773 0.928125 0.285547 0.121875
7 0.930469 0.217578 0.139062 0.435156
9 0.689062 0.370703 0.395312 0.667969
6 0.0980469 0.648438 0.164844 0.675
7 0.165723 0.214844 0.256055 0.429688
9 0.732422 0.240234 0.472656 0.480469
9 0.617969 0.0771484 0.425 0.154297
9 0.838281 0.190625 0.323438 0.38125
9 0.0325195 0.419922 0.0650391 0.334375
7 0.869336 0.756641 0.261328 0.486719
7 0.916406 0.77832 0.165625 0.443359
7 0.789844 0.238281 0.340625 0.476562
7 0.169043 0.774609 0.338086 0.450781
7 0.365039 0.767578 0.359766 0.464844
7 0.268311 0.773047 0.349316 0.453906
7 0.84668 0.821094 0.306641 0.357812
7 0.215625 0.74375 0.334375 0.49375
7 0.466406 0.760938 0.366406 0.478125
7 0.841406 0.252539 0.317187 0.505078
7 0.206201 0.236328 0.393848 0.472656
7 0.421875 0.7875 0.350781 0.425
7 0.319336 0.741406 0.335547 0.492188
7 0.619141 0.237891 0.366406 0.475781
7 0.922656 0.461328 0.154687 0.50625
7 0.10332 0.755859 0.206641 0.488281
7 0.567187 0.760938 0.367188 0.478125
7 0.420215 0.235938 0.364258 0.471875
7 0.934375 0.750781 0.125 0.498437
7 0.923437 0.399609 0.153125 0.595312
7 0.664062 0.770312 0.364062 0.459375
7 0.807813 0.776367 0.378125 0.447266
7 0.724219 0.252148 0.354688 0.504297
7 0.185254 0.642871 0.370508 0.714258
7 0.922656 0.316211 0.154687 0.564453
7 0.895312 0.433594 0.209375 0.573438
7 0.120117 0.7625 0.235938 0.475
7 0.280859 0.297266 0.561719 0.576563
7 0.230859 0.256055 0.461719 0.502734
7 0.255664 0.696875 0.411328 0.60625
7 0.496094 0.2375 0.369531 0.475
7 0.718359 0.81875 0.372656 0.3625
7 0.800195 0.674219 0.399609 0.614062
7 0.896875 0.353125 0.20625 0.685156
7 0.900781 0.707031 0.198437 0.545313
7 0.47959 0.744922 0.498633 0.510156
7 0.9375 0.379687 0.115625 0.621094
7 0.267969 0.361133 0.535937 0.722266
7 0.342139 0.229883 0.378223 0.459766
7 0.880469 0.498828 0.239063 0.491406
7 0.223242 0.188281 0.396484 0.369922
7 0.574219 0.290039 0.690625 0.555859
7 0.364453 0.311914 0.705469 0.605859
7 0.555078 0.252344 0.375 0.504687
7 0.862695 0.407715 0.274609 0.548633
7 0.790234 0.28125 0.419531 0.53125
7 0.324219 0.261328 0.5875 0.514063
7 0.671094 0.308398 0.657812 0.562109
7 0.150781 0.270117 0.301562 0.533984
7 0.850195 0.31875 0.299609 0.578125
7 0.750391 0.742188 0.486719 0.515625
7 0.910156 0.253125 0.179688 0.50625
7 0.267578 0.61416 0.535156 0.748242
7 0.0893555 0.22793 0.178711 0.453516
7 0.150098 0.822461 0.300195 0.355078
7 0.934375 0.270312 0.129688 0.540625
7 0.728125 0.256641 0.5375 0.491406
7 0.722852 0.378027 0.554297 0.718945
7 0.445703 0.61416 0.686719 0.74043
7 0.670313 0.230273 0.378125 0.429297
7 0.873438 0.284375 0.24375 0.54375
7 0.935938 0.469629 0.115625 0.462305
7 0.760938 0.209766 0.354688 0.392188
7 0.378125 0.441016 0.7 0.805469
7 0.861328 0.475879 0.277344 0.548242
7 0.252734 0.496094 0.505469 0.825
7 0.192236 0.835156 0.378027 0.329688
7 0.206055 0.342187 0.412109 0.679688
7 0.275977 0.20957 0.405078 0.419141
7 0.147949 0.755078 0.295898 0.489844
7 0.836719 0.545313 0.326562 0.671875
7 0.290625 0.178125 0.504687 0.341797
7 0.392188 0.199414 0.382031 0.387891
7 0.464844 0.201221 0.378125 0.392871
6 0.258398 0.25625 0.516797 0.503906
7 0.7375 0.607715 0.525 0.750195
7 0.804102 0.378906 0.391797 0.757812
7 0.797656 0.312891 0.317187 0.539062
7 0.842969 0.467871 0.314063 0.512695
7 0.573438 0.652344 0.715625 0.664062
7 0.380078 0.178467 0.500781 0.33916
7 0.848047 0.332227 0.303906 0.550391
6 0.280859 0.297266 0.561719 0.576563
7 0.764844 0.453125 0.470313 0.654688
7 0.304688 0.834375 0.36875 0.33125
7 0.119141 0.240625 0.238281 0.48125
7 0.188086 0.181836 0.376172 0.350391
7 0.590234 0.204688 0.372656 0.38125
7 0.485156 0.176953 0.5 0.332812
7 0.351562 0.598437 0.703125 0.803125
6 0.47959 0.744922 0.498633 0.510156
6 0.376953 0.265625 0.582031 0.521094
6 0.721875 0.723437 0.526563 0.553125
6 0.244922 0.178125 0.489844 0.342969
7 0.239258 0.141211 0.380859 0.278516
6 0.575098 0.746094 0.487305 0.507812
6 0.766016 0.79375 0.392969 0.4125
6 0.397559 0.740234 0.439258 0.519531
6 0.351172 0.324414 0.702344 0.605859
6 0.480469 0.278516 0.573438 0.544531
6 0.4875 0.624121 0.7 0.720508
6 0.169043 0.774609 0.338086 0.450781
7 0.674609 0.602344 0.650781 0.795313
7 0.915625 0.333594 0.16875 0.55
6 0.466406 0.760938 0.366406 0.478125
6 0.267969 0.361133 0.535937 0.722266
6 0.620703 0.290625 0.689844 0.553125
6 0.18623 0.262305 0.372461 0.517578
7 0.168164 0.221094 0.336328 0.441406
7 0.131641 0.185596 0.263281 0.359277
7 0.83125 0.203516 0.3375 0.378906
7 0.58291 0.177344 0.48418 0.326562
7 0.780273 0.176172 0.439453 0.319531
6 0.7 0.315234 0.6 0.573438
6 0.616406 0.763672 0.359375 0.472656
6 0.185254 0.642871 0.370508 0.714258
6 0.712891 0.608496 0.574219 0.751758
6 0.268311 0.773047 0.349316 0.453906
7 0.221875 0.553125 0.44375 0.814062
7 0.506934 0.367578 0.758008 0.661719
7 0.458594 0.831445 0.3875 0.337109
7 0.435547 0.146875 0.367188 0.282813
6 0.292773 0.614844 0.585547 0.745313
6 0.624316 0.636328 0.707617 0.696094
7 0.652344 0.839258 0.39375 0.321484
7 0.694531 0.176904 0.498437 0.321191
6 0.728125 0.256641 0.5375 0.491406
6 0.255664 0.696875 0.411328 0.60625
6 0.316357 0.722656 0.387598 0.554688
7 0.947656 0.214062 0.104687 0.416406
7 0.849609 0.681641 0.300781 0.541406
6 0.4375 0.177344 0.504687 0.335938
7 0.0682129 0.775781 0.136426 0.448438
7 0.516797 0.794141 0.457031 0.411719
7 0.556641 0.832812 0.402344 0.334375
7 0.738672 0.828125 0.522656 0.342187
7 0.935938 0.613281 0.115625 0.676562
6 0.848242 0.766016 0.303516 0.467969
6 0.410156 0.423828 0.728125 0.767969
6 0.790234 0.28125 0.419531 0.53125
6 0.799023 0.746094 0.401953 0.507812
6 0.188086 0.181836 0.376172 0.350391
6 0.850195 0.31875 0.299609 0.578125
6 0.277344 0.494922 0.554688 0.822656
7 0.1375 0.829687 0.275 0.340625
7 0.753125 0.361328 0.34375 0.539844
6 0.718359 0.81875 0.372656 0.3625
6 0.8125 0.817187 0.365625 0.365625
6 0.421875 0.7875 0.350781 0.425
6 0.376563 0.596875 0.753125 0.80625
6 0.325586 0.787695 0.342578 0.424609
6 0.794531 0.377734 0.410937 0.711719
6 0.526172 0.782812 0.351562 0.434375
6 0.323438 0.450391 0.646875 0.836719
6 0.502344 0.316602 0.753125 0.629297
7 0.0783203 0.213477 0.156641 0.426953
6 0.528516 0.178174 0.483594 0.331934
6 0.894531 0.754297 0.210938 0.491406
7 0.885938 0.851953 0.204688 0.296094
6 0.934375 0.750781 0.125 0.498437
7 0.84668 0.168555 0.306641 0.305859
7 0.671484 0.464453 0.657031 0.758594
6 0.764844 0.453125 0.470313 0.654688
6 0.644531 0.175781 0.501562 0.320312
6 0.836719 0.545313 0.326562 0.671875
6 0.861328 0.475879 0.277344 0.548242
6 0.741406 0.177344 0.485938 0.321484
6 0.131641 0.185596 0.263281 0.359277
6 0.707812 0.408594 0.584375 0.817187
7 0.367969 0.145117 0.384375 0.280078
7 0.609375 0.149316 0.357812 0.277148
7 0.794531 0.486816 0.3625 0.538867
7 0.685156 0.795313 0.273438 0.409375
7 0.114453 0.333203 0.228906 0.549219
7 0.802344 0.4125 0.325 0.5375
7 0.933594 0.843164 0.11875 0.313672
7 0.689844 0.313281 0.371875 0.538281
6 0.9375 0.379687 0.115625 0.621094
7 0.396094 0.73125 0.470313 0.501562
6 0.206055 0.342187 0.412109 0.679688
7 0.808594 0.153711 0.348437 0.287891
7 0.0848633 0.771484 0.169727 0.457031
6 0.922656 0.316211 0.154687 0.564453
7 0.936719 0.353516 0.126563 0.571875
7 0.18457 0.703125 0.369141 0.5
6 0.896094 0.485156 0.207813 0.488281
7 0.489453 0.789062 0.236719 0.421875
6 0.922656 0.461328 0.154687 0.50625
7 0.6125 0.312891 0.389062 0.536719
7 0.232227 0.361719 0.374609 0.539062
6 0.934375 0.280273 0.121875 0.524609
6 0.923437 0.399609 0.153125 0.595312
6 0.129199 0.78125 0.258398 0.4375
6 0.896875 0.353125 0.20625 0.685156
6 0.935938 0.469629 0.115625 0.462305
7 0.54375 0.790234 0.242188 0.419531
7 0.330859 0.720312 0.467969 0.43125
7 0.935938 0.754297 0.128125 0.491406
6 0.223633 0.493359 0.447266 0.802344
6 0.150098 0.822461 0.300195 0.355078
7 0.297852 0.386621 0.398047 0.537695
7 0.957031 0.186328 0.0859375 0.342187
7 0.125 0.485938 0.25 0.546875
7 0.176611 0.771094 0.19209 0.457812
7 0.945703 0.456641 0.108594 0.564844
7 0.9375 0.429688 0.125 0.496875
7 0.514063 0.146973 0.373437 0.278711
7 0.171973 0.31543 0.343945 0.529297
7 0.729297 0.436035 0.358594 0.538867
7 0.440527 0.793164 0.23457 0.413672
7 0.864062 0.905469 0.251563 0.189063
6 0.207861 0.129102 0.359277 0.255859
6 0.921094 0.252344 0.157813 0.488281
7 0.170312 0.858203 0.340625 0.283594
7 0.905469 0.203125 0.189063 0.369531
6 0.0807617 0.227344 0.161523 0.452344
6 0.208789 0.0828613 0.341016 0.165723
7 0.583594 0.781836 0.223438 0.436328
7 0.175977 0.131836 0.351953 0.257031
6 0.905469 0.645703 0.179688 0.666406
7 0.928125 0.919531 0.121875 0.160938
6 0.407813 0.130078 0.351562 0.251563
6 0.84668 0.168555 0.306641 0.305859
6 0.192236 0.835156 0.378027 0.329688
7 0.80625 0.886914 0.364062 0.226172
7 0.932813 0.191016 0.134375 0.355859
7 0.922266 0.175391 0.155469 0.317578
6 0.1375 0.829687 0.275 0.340625
7 0.501953 0.374609 0.328906 0.434375
7 0.760938 0.628906 0.478125 0.332812
5 0.863281 0.792383 0.273438 0.415234
7 0.414453 0.414844 0.457031 0.423438
9 0.603906 0.171387 0.379687 0.318945
9 0.122852 0.188232 0.245703 0.364941
6 0.936719 0.307031 0.126563 0.546875
7 0.920313 0.935938 0.15 0.128125
7 0.358203 0.364844 0.436719 0.528125
9 0.283008 0.132812 0.419922 0.252344
9 0.713281 0.169336 0.40625 0.309766
9 0.353711 0.132422 0.400391 0.249219
9 0.200732 0.131445 0.371191 0.247656
6 0.412598 0.0827148 0.326367 0.159961
6 0.7625 0.118262 0.334375 0.220508
6 0.935938 0.613281 0.115625 0.676562
7 0.716797 0.150391 0.372656 0.273438
9 0.443359 0.133008 0.382812 0.247656
6 0.610156 0.111523 0.332812 0.207422
7 0.79375 0.491406 0.4125 0.432813
6 0.935938 0.754297 0.128125 0.491406
7 0.124414 0.583496 0.248828 0.550195
9 0.510938 0.173926 0.415625 0.331055
7 0.263281 0.287109 0.421094 0.532031
9 0.814258 0.167187 0.371484 0.305859
7 0.0372559 0.791406 0.0745117 0.417188
7 0.533984 0.322656 0.411719 0.504687
1 0.784375 0.145117 0.43125 0.290234
1 0.769922 0.186914 0.460156 0.373828
7 0.281836 0.671484 0.563672 0.657031
7 0.349219 0.641309 0.698438 0.717383
7 0.751953 0.325391 0.496094 0.647656
6 0.281836 0.671484 0.563672 0.657031
7 0.793945 0.233203 0.412109 0.466406
7 0.591016 0.664844 0.696094 0.670313
1 0.198437 0.596094 0.396875 0.403125
1 0.750781 0.249561 0.475 0.398535
1 0.505078 0.461328 0.475781 0.367969
1 0.582031 0.575 0.470313 0.307813
6 0.767578 0.316406 0.464844 0.632812
6 0.793945 0.233203 0.412109 0.466406
7 0.479297 0.705078 0.730469 0.589844
7 0.686328 0.671094 0.627344 0.657812
6 0.17793 0.835742 0.355859 0.328516
1 0.304297 0.641406 0.476562 0.15625
1 0.279687 0.614453 0.478125 0.175781
7 0.744727 0.381836 0.510547 0.763672
6 0.349219 0.641309 0.698438 0.717383
1 0.771094 0.814062 0.457812 0.360938
1 0.208789 0.650391 0.417578 0.357031
1 0.76875 0.870117 0.4625 0.259766
7 0.595996 0.548437 0.695508 0.828125
1 0.779102 0.692187 0.441797 0.334375
7 0.775586 0.717188 0.448828 0.565625
1 0.769141 0.742969 0.461719 0.285937
1 0.535156 0.510059 0.471094 0.356445
1 0.606641 0.814844 0.460156 0.326562
7 0.436328 0.594531 0.717969 0.810938
6 0.591016 0.664844 0.696094 0.670313
6 0.417969 0.707422 0.751562 0.585156
1 0.767187 0.310156 0.465625 0.439844
1 0.558691 0.619531 0.47168 0.30625
1 0.278125 0.566406 0.476562 0.235938
1 0.213867 0.538672 0.427734 0.367969
6 0.648438 0.70625 0.703125 0.5875
1 0.254297 0.525391 0.478906 0.327344
1 0.63125 0.853516 0.464063 0.292969
1 0.533984 0.785937 0.463281 0.260938
1 0.627734 0.730859 0.469531 0.250781
6 0.192188 0.742578 0.384375 0.407031
1 0.777344 0.625 0.445312 0.342187
1 0.764453 0.412891 0.471094 0.411719
1 0.331055 0.667969 0.472266 0.1625
1 0.536816 0.805078 0.456055 0.389844
1 0.185547 0.665234 0.371094 0.452344
7 0.838281 0.17666 0.323438 0.35332
7 0.341602 0.749609 0.683203 0.500781
1 0.50791 0.757031 0.470117 0.171875
1 0.532422 0.681641 0.471094 0.221094
1 0.757031 0.175195 0.48125 0.270703
1 0.532812 0.720703 0.470313 0.192969
6 0.838281 0.17666 0.323438 0.35332
1 0.766406 0.496484 0.467187 0.433594
6 0.775586 0.717188 0.448828 0.565625
1 0.225 0.594922 0.45 0.31875
1 0.258008 0.653906 0.483984 0.197656
6 0.744727 0.381836 0.510547 0.763672
1 0.433984 0.428809 0.488281 0.318945
6 0.746289 0.677344 0.507422 0.645312
1 0.603516 0.697266 0.472656 0.255469
7 0.503125 0.506641 0.671875 0.800781
6 0.502734 0.617578 0.694531 0.764844
1 0.75 0.890625 0.467187 0.18125
1 0.58125 0.745313 0.46875 0.19375
1 0.64375 0.890625 0.501562 0.217187
6 0.341602 0.749609 0.683203 0.500781
7 0.83418 0.686816 0.322266 0.626367
1 0.766406 0.570312 0.467187 0.358594
1 0.581641 0.660547 0.469531 0.274219
6 0.595996 0.548437 0.695508 0.828125
1 0.281445 0.683594 0.483984 0.178125
1 0.192188 0.742578 0.384375 0.407031
7 0.30293 0.517578 0.605859 0.780469
1 0.605469 0.879687 0.467187 0.159375
1 0.222461 0.68125 0.444922 0.240625
7 0.795313 0.648438 0.409375 0.703125
7 0.77168 0.179883 0.456641 0.359766
1 0.652344 0.77793 0.467187 0.300391
7 0.247461 0.620215 0.494922 0.75957
6 0.185547 0.665234 0.371094 0.452344
1 0.521484 0.90625 0.49375 0.1875
1 0.459766 0.834375 0.457031 0.33125
6 0.189453 0.88457 0.378906 0.230859
1 0.458594 0.556641 0.482031 0.315625
1 0.429688 0.622656 0.479688 0.198437
1 0.235547 0.476562 0.471094 0.373437
6 0.204688 0.775 0.409375 0.296875
1 0.483203 0.735156 0.471094 0.157813
1 0.682813 0.226758 0.490625 0.340234
6 0.800391 0.785156 0.399219 0.429688
1 0.204688 0.775 0.409375 0.296875
6 0.77168 0.179883 0.456641 0.359766
1 0.651953 0.692187 0.475781 0.323438
1 0.482812 0.703906 0.466406 0.170312
6 0.430078 0.554688 0.730469 0.821875
6 0.214062 0.857813 0.428125 0.284375
1 0.380469 0.642187 0.471875 0.148438
1 0.379687 0.682031 0.466406 0.171094
1 0.53125 0.403223 0.478125 0.310742
1 0.675391 0.314063 0.492969 0.417188
1 0.35625 0.615625 0.476562 0.165625
6 0.663672 0.592578 0.672656 0.814844
1 0.729688 0.835938 0.470313 0.284375
6 0.486035 0.821094 0.456055 0.357812
1 0.599219 0.511719 0.479688 0.4
1 0.219922 0.735937 0.439844 0.201562
6 0.781836 0.855273 0.436328 0.289453
1 0.821875 0.799414 0.35625 0.401172
1 0.480469 0.8875 0.465625 0.178125
1 0.486328 0.622656 0.466406 0.248437
1 0.752734 0.69375 0.482031 0.260938
1 0.446094 0.920313 0.492188 0.159375
1 0.457812 0.804688 0.470313 0.234375
1 0.330078 0.589063 0.475781 0.182812
1 0.652344 0.635547 0.482812 0.335156
1 0.19043 0.815625 0.380859 0.353125
6 0.83418 0.686816 0.322266 0.626367
1 0.408984 0.470996 0.502344 0.31582
1 0.430859 0.655859 0.469531 0.18125
1 0.798047 0.90625 0.403906 0.184375
6 0.208789 0.650391 0.417578 0.357031
6 0.30293 0.517578 0.605859 0.780469
7 0.749414 0.622266 0.501172 0.755469
1 0.405469 0.554688 0.5 0.251563
6 0.247461 0.620215 0.494922 0.75957
6 0.434766 0.848437 0.455469 0.303125
1 0.578516 0.441504 0.485156 0.37168
1 0.655078 0.396094 0.489844 0.325
6 0.168457 0.778125 0.336914 0.371875
6 0.560156 0.839844 0.4625 0.320312
1 0.347266 0.926562 0.491406 0.146875
1 0.217187 0.788281 0.434375 0.221875
6 0.5 0.751172 0.75625 0.497656
7 0.189453 0.679199 0.378906 0.641602
6 0.508203 0.793555 0.464063 0.247266
6 0.238281 0.753125 0.476562 0.49375
1 0.412109 0.860937 0.448438 0.278125
6 0.285547 0.861328 0.4375 0.277344
1 0.8125 0.112109 0.359375 0.224219
6 0.198437 0.596094 0.396875 0.403125
1 0.632422 0.458203 0.482031 0.316406
1 0.633594 0.272217 0.496875 0.377441
6 0.749219 0.879687 0.471875 0.240625
1 0.679297 0.737891 0.472656 0.297656
1 0.640625 0.910937 0.428125 0.178125
6 0.8 0.142578 0.389062 0.285156
1 0.350391 0.727344 0.488281 0.176563
7 0.545703 0.753516 0.757031 0.492969
7 0.701563 0.787109 0.596875 0.425781
6 0.217187 0.788281 0.434375 0.221875
1 0.725 0.367627 0.4875 0.392871
6 0.769922 0.798437 0.460156 0.328125
6 0.701563 0.787109 0.596875 0.425781
1 0.201758 0.856641 0.403516 0.286719
6 0.349219 0.875391 0.415625 0.249219
1 0.193555 0.493652 0.387109 0.408008
1 0.433496 0.75625 0.468945 0.160938
7 0.19043 0.815625 0.380859 0.353125
1 0.561719 0.885742 0.446875 0.225391
7 0.715625 0.450781 0.56875 0.829687
6 0.780078 0.729688 0.439844 0.33125
6 0.189453 0.679199 0.378906 0.641602
1 0.895312 0.828125 0.20625 0.342187
1 0.73125 0.593359 0.484375 0.285156
6 0.219922 0.735937 0.439844 0.201562
7 0.87168 0.713281 0.256641 0.567187
6 0.63125 0.853516 0.464063 0.292969
6 0.149414 0.88125 0.298828 0.235938
6 0.432813 0.801758 0.467187 0.224609
6 0.748828 0.279687 0.475781 0.415625
6 0.606641 0.814844 0.460156 0.326562
7 0.238281 0.753125 0.476562 0.49375
1 0.277734 0.733594 0.483594 0.179688
7 0.192188 0.742578 0.384375 0.407031
1 0.530469 0.939062 0.485938 0.121875
7 0.823047 0.13252 0.353906 0.265039
1 0.203125 0.42334 0.40625 0.32832
6 0.797461 0.624219 0.405078 0.751562
6 0.184375 0.0985352 0.36875 0.19707
6 0.50791 0.757031 0.470117 0.171875
6 0.222461 0.68125 0.444922 0.240625
6 0.498828 0.470313 0.625781 0.759375
1 0.168457 0.778125 0.336914 0.371875
1 0.600684 0.369922 0.45332 0.345313
6 0.895312 0.828125 0.20625 0.342187
6 0.715625 0.450781 0.56875 0.829687
1 0.348047 0.757422 0.490625 0.169531
1 0.770312 0.932031 0.459375 0.13125
7 0.201758 0.856641 0.403516 0.286719
7 0.195703 0.657422 0.391406 0.427344
7 0.23418 0.471875 0.468359 0.760938
6 0.329492 0.696094 0.480859 0.189063
6 0.322656 0.822656 0.479688 0.235938
6 0.778711 0.339453 0.442578 0.466406
1 0.376465 0.812305 0.479883 0.234766
6 0.77793 0.667578 0.444141 0.353906
1 0.188672 0.130859 0.377344 0.261719
7 0.783203 0.795313 0.433594 0.409375
1 0.844531 0.864844 0.310937 0.265625
1 0.303906 0.485254 0.483594 0.399805
6 0.729688 0.835938 0.470313 0.284375
1 0.393359 0.397656 0.474219 0.275781
1 0.177539 0.882227 0.355078 0.235547
1 0.387598 0.885938 0.448242 0.171875
6 0.429688 0.622656 0.479688 0.198437
6 0.857422 0.132422 0.285156 0.264844
6 0.58125 0.78125 0.465625 0.223438
6 0.882031 0.728906 0.235938 0.542188
6 0.458203 0.585547 0.474219 0.275781
1 0.165723 0.843359 0.331445 0.313281
6 0.483203 0.735156 0.471094 0.157813
1 0.996875 0.5125 0.00625 0.171875
6 0.682422 0.808594 0.460156 0.323438
1 0.330664 0.539844 0.481641 0.253125
6 0.433496 0.75625 0.468945 0.160938
7 0.689844 0.353711 0.620313 0.707422
7 0.784766 0.500391 0.430469 0.822656
6 0.532812 0.720703 0.470313 0.192969
1 0.687109 0.844727 0.346094 0.310547
1 0.562891 0.586719 0.278906 0.242188
7 0.601953 0.710938 0.196094 0.446875
6 0.819336 0.849805 0.361328 0.300391
1 0.388184 0.509375 0.0908203 0.08125
1 0.50791 0.896094 0.435742 0.207813
1 0.567187 0.873828 0.298438 0.252344
7 0.391016 0.817969 0.186719 0.351562
1 0.839063 0.849805 0.31875 0.297266
1 0.234961 0.87168 0.276953 0.256641
6 0.151758 0.801172 0.303516 0.397656
6 0.227686 0.872266 0.260254 0.255469
6 0.526465 0.892578 0.418945 0.214844
1 0.159766 0.101562 0.317969 0.203125
1 0.364453 0.704687 0.115625 0.115625
1 0.181934 0.141016 0.363867 0.282031
6 0.674219 0.853906 0.385938 0.292188
1 0.152441 0.201172 0.304883 0.402344
7 0.559375 0.710938 0.219531 0.398438
6 0.229687 0.870703 0.459375 0.258594
1 0.224414 0.871094 0.199219 0.253125
6 0.171582 0.863867 0.343164 0.272266
7 0.151758 0.801172 0.303516 0.397656
7 0.421484 0.822656 0.253906 0.354688
6 0.585547 0.874609 0.28125 0.250781
6 0.8625 0.832812 0.275 0.332812
6 0.295703 0.865234 0.407031 0.269531
1 0.575 0.631641 0.103125 0.153125
1 0.391016 0.705469 0.0890625 0.0984375
1 0.15459 0.789062 0.30918 0.36875
7 0.367188 0.804492 0.142188 0.316016
6 0.85293 0.303711 0.281641 0.607422
1 0.975781 0.172754 0.0484375 0.345508
7 0.841406 0.316016 0.315625 0.632031
1 0.375391 0.738672 0.145313 0.188281
1 0.674609 0.594531 0.307031 0.254687
1 0.728125 0.840625 0.253125 0.317187
1 0.352148 0.725781 0.0832031 0.129688
1 0.374609 0.959375 0.034375 0.028125
1 0.388672 0.495313 0.0898438 0.059375
1 0.469922 0.535156 0.08125 0.117969
1 0.443066 0.827734 0.306055 0.344531
7 0.383691 0.648047 0.163867 0.366406
6 0.133594 0.30332 0.267188 0.606641
1 0.00579834 0.214648 0.0115967 0.220313
1 0.519629 0.862891 0.313867 0.274219
6 0.578125 0.707031 0.220313 0.395312
1 0.0360107 0.0949219 0.0720215 0.189844
1 0.00478516 0.261133 0.00957031 0.226172
1 0.444141 0.633984 0.101562 0.1
1 0.235938 0.820312 0.103125 0.153125
1 0.00750732 0.184766 0.0150146 0.233594
6 0.59375 0.894531 0.359375 0.210938
5 0.375 0.959375 0.0335938 0.03125
1 0.375391 0.958594 0.034375 0.028125
6 0.21543 0.766797 0.430859 0.466406
7 0.214453 0.735156 0.427344 0.529688
5 0.651563 0.90625 0.0328125 0.040625
5 0.65 0.923437 0.034375 0.078125
1 0.536328 0.692578 0.0132813 0.0140625
5 0.65 0.939062 0.0359375 0.1125
5 0.652344 0.983594 0.0203125 0.0296875
5 0.654688 0.98125 0.0234375 0.034375
5 0.536328 0.692578 0.0132813 0.0140625
1 0.537891 0.692969 0.0140625 0.0109375
1 0.375391 0.959375 0.0335938 0.034375
5 0.651563 0.90625 0.0351562 0.040625
5 0.375391 0.958594 0.034375 0.0328125
7 0.17334 0.77793 0.331055 0.434766
5 0.537891 0.692969 0.0140625 0.0109375
7 0.652734 0.939062 0.0382813 0.115625
7 0.65 0.923437 0.034375 0.078125
1 0.654688 0.98125 0.0234375 0.034375
7 0.494531 0.675 0.0539063 0.139062
5 0.653125 0.914062 0.0359375 0.05625
7 0.197461 0.756641 0.345703 0.321094
1 0.199805 0.742578 0.317578 0.314844
1 0.198633 0.521191 0.397266 0.326367
5 0.646875 0.907812 0.0390625 0.046875
7 0.700781 0.775781 0.584375 0.445312
7 0.269531 0.785937 0.539062 0.428125
7 0.583203 0.775781 0.605469 0.448438
7 0.750781 0.770312 0.498437 0.457812
7 0.651465 0.703125 0.59082 0.59375
7 0.188477 0.785937 0.376953 0.428125
5 0.648828 0.933594 0.0429688 0.0984375
7 0.532812 0.702344 0.623438 0.595312
7 0.301562 0.705078 0.603125 0.589844
5 0.64375 0.939062 0.05 0.11875
6 0.283203 0.530859 0.566406 0.433594
1 0.814062 0.480371 0.371875 0.39082
6 0.812891 0.847461 0.374219 0.305078
6 0.283594 0.469531 0.567187 0.472656
6 0.288086 0.622656 0.562891 0.371875
6 0.704687 0.394434 0.590625 0.493945
6 0.418359 0.271094 0.711719 0.503125
6 0.316211 0.407813 0.632422 0.475
6 0.571875 0.346484 0.71875 0.475781
1 0.252734 0.538965 0.423438 0.350195
6 0.311133 0.292969 0.622266 0.53125
6 0.289844 0.68125 0.54375 0.329688
6 0.789258 0.877344 0.421484 0.245312
6 0.288672 0.813086 0.540625 0.373828
6 0.511328 0.266211 0.703906 0.532422
7 0.84082 0.838086 0.315234 0.323828
6 0.729883 0.460938 0.540234 0.478906
6 0.378027 0.334766 0.736133 0.425781
6 0.622266 0.4375 0.724219 0.435156
6 0.351758 0.582715 0.703516 0.425195
6 0.530078 0.892969 0.536719 0.214062
6 0.811133 0.495215 0.377734 0.387695
6 0.656641 0.301953 0.686719 0.571094
6 0.317187 0.727344 0.621875 0.385938
1 0.53125 0.91875 0.54375 0.1625
6 0.680078 0.489453 0.639844 0.442187
6 0.733008 0.300781 0.533984 0.601562
6 0.702344 0.546484 0.595312 0.451562
6 0.36875 0.498828 0.726562 0.503906
6 0.469531 0.379687 0.73125 0.388281
7 0.811914 0.853516 0.376172 0.292969
6 0.620703 0.537109 0.721094 0.403906
1 0.279687 0.560938 0.54375 0.3375
6 0.656934 0.591016 0.686133 0.416406
6 0.329688 0.958594 0.33125 0.0828125
1 0.222461 0.147949 0.444922 0.295898
6 0.521094 0.485059 0.720312 0.40332
6 0.708594 0.775195 0.582812 0.415234
7 0.329688 0.958594 0.33125 0.0828125
6 0.430469 0.925781 0.534375 0.148438
6 0.255078 0.311133 0.510156 0.613672
1 0.221875 0.604297 0.44375 0.341406
6 0.683594 0.647266 0.632812 0.399219
7 0.31582 0.517578 0.631641 0.475781
1 0.434766 0.406348 0.567969 0.298242
6 0.78125 0.770508 0.4375 0.458984
7 0.120312 0.847266 0.203906 0.305469
6 0.753906 0.521777 0.492188 0.479883
1 0.780273 0.500391 0.439453 0.346875
7 0.207422 0.710547 0.4 0.244531
1 0.21875 0.654688 0.4375 0.323438
7 0.807227 0.509766 0.385547 0.378906
1 0.294531 0.467871 0.515625 0.325195
7 0.284961 0.582422 0.569922 0.391406
7 0.396973 0.949219 0.524805 0.101562
7 0.51084 0.879297 0.468945 0.241406
6 0.278906 0.169824 0.557813 0.339648
7 0.283594 0.469531 0.567187 0.472656
6 0.823633 0.838086 0.240234 0.323828
1 0.526563 0.978906 0.503125 0.0421875
1 0.501465 0.479785 0.53457 0.29043
6 0.0609863 0.69375 0.0786133 0.146094
7 0.225391 0.66875 0.432031 0.3
7 0.732031 0.390234 0.535937 0.522656
6 0.73125 0.71875 0.5375 0.482812
7 0.417188 0.909375 0.5 0.18125
1 0.207813 0.182227 0.415625 0.364453
1 0.335938 0.406641 0.548437 0.313281
6 0.572266 0.592188 0.724219 0.334375
6 0.226562 0.548535 0.453125 0.366992
6 0.168945 0.808008 0.0941406 0.124609
7 0.321094 0.640625 0.640625 0.395312
6 0.25293 0.746875 0.496484 0.30625
6 0.558984 0.926562 0.536719 0.146875
6 0.410547 0.934375 0.450781 0.13125
7 0.785156 0.849805 0.192188 0.300391
6 0.494922 0.875781 0.390625 0.248437
7 0.317187 0.727344 0.621875 0.385938
6 0.252734 0.538965 0.423438 0.350195
6 0.207422 0.710547 0.4 0.244531
6 0.658594 0.698438 0.682813 0.321875
6 0.210742 0.673828 0.421484 0.299219
7 0.410547 0.264062 0.700781 0.528125
7 0.159766 0.869531 0.130469 0.254687
1 0.40625 0.452734 0.576563 0.235156
6 0.472266 0.540527 0.727344 0.379883
7 0.516309 0.279687 0.706445 0.528125
6 0.625 0.657812 0.71875 0.315625
7 0.316211 0.407813 0.632422 0.475
6 0.84668 0.805859 0.306641 0.388281
6 0.894531 0.775 0.210938 0.45
6 0.928906 0.774023 0.142188 0.451953
6 0.747656 0.217578 0.504687 0.435156
1 0.0382935 0.582031 0.0765381 0.504687
7 0.037793 0.612109 0.0755859 0.524219
7 0.183594 0.0250732 0.367188 0.0501465
1 0.803125 0.148633 0.39375 0.297266
7 0.84668 0.805859 0.306641 0.388281
7 0.796875 0.0273682 0.40625 0.0547363
6 0.15 0.201953 0.297266 0.403906
6 0.795313 0.193359 0.407813 0.386719
6 0.205078 0.182227 0.410156 0.364453
1 0.794141 0.18125 0.411719 0.3625
6 0.816211 0.123926 0.367578 0.247852
6 0.824219 0.142383 0.351562 0.284766
7 0.15 0.201953 0.297266 0.403906
7 0.816211 0.123926 0.367578 0.247852
1 0.825781 0.198047 0.346875 0.396094
1 0.875195 0.199219 0.243359 0.398438
6 0.160938 0.234961 0.319922 0.469922
6 0.194531 0.364453 0.388281 0.728906
7 0.194531 0.364453 0.388281 0.728906
7 0.169141 0.753906 0.338281 0.492188
6 0.267578 0.355859 0.535156 0.711719
6 0.263672 0.227539 0.527344 0.455078
7 0.180908 0.641309 0.358496 0.568945
7 0.160938 0.234961 0.319922 0.469922
7 0.169922 0.532422 0.339063 0.633594
6 0.158984 0.720703 0.314063 0.558594
7 0.267578 0.355859 0.535156 0.711719
1 0.790625 0.185449 0.41875 0.370898
7 0.210547 0.80625 0.416406 0.3875
6 0.180908 0.641309 0.358496 0.568945
6 0.871875 0.255469 0.253125 0.510938
6 0.847266 0.189453 0.305469 0.378906
7 0.263281 0.694531 0.526563 0.610937
7 0.271289 0.574219 0.542578 0.598437
6 0.191992 0.796094 0.383203 0.407813
6 0.81543 0.693359 0.369141 0.613281
1 0.314063 0.199219 0.535937 0.398438
6 0.870313 0.138184 0.259375 0.276367
6 0.169922 0.532422 0.339063 0.633594
1 0.0373901 0.186328 0.0730713 0.372656
7 0.81543 0.693359 0.369141 0.613281
7 0.263672 0.227539 0.527344 0.455078
7 0.866406 0.707812 0.259375 0.584375
1 0.462891 0.198047 0.528125 0.396094
1 0.236133 0.199805 0.472266 0.399609
6 0.803711 0.55625 0.392578 0.578125
6 0.866406 0.707812 0.259375 0.584375
6 0.341602 0.182324 0.598047 0.364648
6 0.263281 0.694531 0.526563 0.610937
6 0.846875 0.613672 0.3 0.522656
6 0.271289 0.574219 0.542578 0.598437
6 0.829492 0.325391 0.341016 0.650781
6 0.428516 0.331836 0.50625 0.663672
7 0.725781 0.687891 0.548437 0.624219
6 0.199658 0.103906 0.39209 0.207813
6 0.442187 0.176367 0.4875 0.352734
6 0.755859 0.326367 0.488281 0.652734
6 0.725781 0.687891 0.548437 0.624219
6 0.777734 0.203516 0.444531 0.407031
7 0.803711 0.55625 0.392578 0.578125
7 0.846875 0.613672 0.3 0.522656
6 0.84668 0.507129 0.303516 0.457617
7 0.871875 0.255469 0.253125 0.510938
6 0.553223 0.172852 0.44043 0.345703
6 0.548828 0.337305 0.432031 0.674609
7 0.84668 0.507129 0.303516 0.457617
7 0.199658 0.103906 0.39209 0.207813
7 0.829492 0.325391 0.341016 0.650781
1 0.567187 0.197266 0.501562 0.394531
6 0.804688 0.440723 0.390625 0.616992
7 0.879492 0.788672 0.222266 0.422656
6 0.703906 0.561328 0.592188 0.644531
1 0.829687 0.141406 0.340625 0.282813
7 0.870313 0.138184 0.259375 0.276367
7 0.428516 0.331836 0.50625 0.663672
7 0.847266 0.189453 0.305469 0.378906
3 0.885938 0.2375 0.221875 0.475
1 0.559375 0.639844 0.285937 0.235938
7 0.341602 0.182324 0.598047 0.364648
6 0.648047 0.154883 0.394531 0.309766
7 0.703906 0.561328 0.592188 0.644531
7 0.804688 0.440723 0.390625 0.616992
7 0.548828 0.337305 0.432031 0.674609
7 0.442187 0.176367 0.4875 0.352734
6 0.635156 0.345313 0.379687 0.690625
7 0.755859 0.326367 0.488281 0.652734
7 0.266797 0.832812 0.525781 0.325
1 0.896875 0.0874023 0.20625 0.174805
1 0.0458008 0.122168 0.0904297 0.244336
7 0.78125 0.767187 0.4375 0.465625
7 0.553223 0.172852 0.44043 0.345703
6 0.796875 0.101172 0.40625 0.202344
1 0.522656 0.613281 0.279687 0.203125
7 0.777734 0.203516 0.444531 0.407031
6 0.879492 0.788672 0.222266 0.422656
7 0.158887 0.324219 0.317773 0.526563
1 0.0386719 0.10127 0.0773437 0.202539
1 0.0476562 0.0788086 0.0953125 0.157617
1 0.0610352 0.119922 0.12207 0.239844
6 0.892187 0.208203 0.214062 0.416406
1 0.866406 0.0976562 0.267188 0.195312
7 0.641797 0.690625 0.400781 0.61875
6 0.158887 0.324219 0.317773 0.526563
1 0.162305 0.127148 0.324609 0.254297
3 0.828906 0.223828 0.342187 0.447656
1 0.0722656 0.0679687 0.144531 0.135937
6 0.154492 0.731641 0.306641 0.536719
6 0.233203 0.742188 0.464844 0.515625
6 0.114063 0.729688 0.228125 0.540625
6 0.799219 0.730469 0.4 0.539062
7 0.233203 0.742188 0.464844 0.515625
6 0.85293 0.735156 0.275391 0.529688
7 0.164746 0.708594 0.329492 0.582812
6 0.266406 0.834375 0.529688 0.33125
6 0.176367 0.788281 0.352734 0.423438
7 0.799219 0.730469 0.4 0.539062
6 0.162109 0.319336 0.319922 0.638672
7 0.85293 0.735156 0.275391 0.529688
6 0.17373 0.23125 0.336914 0.4625
6 0.126563 0.801562 0.253125 0.396875
6 0.7125 0.751172 0.565625 0.497656
6 0.104004 0.728125 0.208008 0.54375
6 0.400781 0.725391 0.451562 0.549219
6 0.313281 0.811133 0.626562 0.377734
7 0.162109 0.319336 0.319922 0.638672
7 0.705469 0.726172 0.579687 0.547656
7 0.183203 0.711328 0.351562 0.577344
1 0.373047 0.954687 0.034375 0.034375
7 0.892187 0.890625 0.2125 0.2125
7 0.898438 0.852344 0.203125 0.292188
1 0.373437 0.957812 0.0359375 0.03125
6 0.199023 0.728516 0.397266 0.542969
6 0.210547 0.692187 0.415625 0.610937
6 0.29043 0.782031 0.567578 0.423438
6 0.289648 0.885156 0.579297 0.201562
6 0.296875 0.713672 0.59375 0.572656
6 0.234961 0.600879 0.469922 0.735742
7 0.275 0.707812 0.54375 0.579687
6 0.189844 0.310937 0.379687 0.621875
6 0.166406 0.801562 0.332812 0.379687
6 0.240039 0.535937 0.480078 0.835938
6 0.496875 0.639844 0.0546875 0.0859375
6 0.539453 0.66875 0.0859375 0.139062
6 0.489844 0.633594 0.0421875 0.06875
6 0.732031 0.329883 0.535937 0.659766
1 0.471094 0.777344 0.0796875 0.0890625
1 0.250391 0.717188 0.139062 0.121875
6 0.190625 0.616406 0.38125 0.767187
1 0.451953 0.624219 0.121094 0.13125
6 0.2 0.415625 0.4 0.775
1 0.496875 0.639844 0.0546875 0.0859375
6 0.753906 0.7875 0.110937 0.121875
6 0.489453 0.655469 0.0757812 0.11875
1 0.433594 0.621875 0.08125 0.115625
1 0.490625 0.635938 0.0421875 0.06875
6 0.206641 0.725391 0.413281 0.549219
6 0.176172 0.332422 0.352344 0.664844
1 0.491406 0.646094 0.0929687 0.117188
1 0.677344 0.825781 0.317187 0.339063
7 0.236914 0.730078 0.468359 0.539844
7 0.184766 0.796094 0.369531 0.404687
1 0.307813 0.773438 0.0234375 0.021875
1 0.537891 0.69375 0.0164062 0.0125
1 0.7375 0.746094 0.0171875 0.0117188
7 0.241797 0.725391 0.483594 0.549219
1 0.307617 0.774609 0.0234375 0.0210938
1 0.539062 0.692969 0.015625 0.0125
7 0.145508 0.689844 0.291016 0.620313
7 0.266797 0.762891 0.533594 0.474219
7 0.252734 0.788281 0.505469 0.364062
6 0.172168 0.655371 0.344336 0.689258
7 0.174609 0.657422 0.349219 0.685156
6 0.236914 0.666797 0.237891 0.666406
6 0.764063 0.65625 0.451562 0.6875
7 0.764063 0.65625 0.451562 0.6875
6 0.829492 0.655859 0.316016 0.688281
7 0.829492 0.655859 0.316016 0.688281
6 0.346875 0.662988 0.410937 0.674023
6 0.133984 0.663379 0.267969 0.673242
7 0.236914 0.666797 0.237891 0.666406
6 0.285156 0.643359 0.3875 0.713281
1 0.17793 0.236328 0.355859 0.472656
5 0.373437 0.958594 0.0328125 0.03125
7 0.204736 0.601562 0.384277 0.796875
7 0.229297 0.635156 0.43125 0.729688
7 0.230273 0.657422 0.419141 0.685156
7 0.211133 0.688672 0.383203 0.622656
7 0.364844 0.627734 0.691406 0.735156
7 0.373047 0.616504 0.710156 0.75918
7 0.366406 0.619141 0.692969 0.755469
7 0.376563 0.600391 0.716406 0.792969
7 0.696875 0.725781 0.575 0.540625
7 0.363672 0.603516 0.688281 0.786719
7 0.698828 0.71875 0.571094 0.553125
7 0.347266 0.614062 0.647656 0.76875
7 0.700391 0.721484 0.566406 0.549219
